2022-04-15 22:04:16,e,ノラくん壊れちゃった、、、
2022-04-15 22:04:30,ハナマル,するぅ？
2022-04-15 22:05:27,やさい,BANされない？
2022-04-15 22:05:33,e,:chillwcat:
2022-04-15 22:05:55,takkuson,せっ配信きたか
2022-04-15 22:06:01,lionheart,banされそう
2022-04-15 22:07:05,深海生物,ノラ君こわれちゃった・・・
2022-04-15 22:07:11,ホシキノコ,６と聞いて飛んできますた
2022-04-15 22:07:37,いまおう,清楚だなぁ・・・
2022-04-15 22:07:38,e,汚されちまった、、、
2022-04-15 22:11:32,Black Joker,スケベで釣ろうとするのよくない
2022-04-15 22:11:32,山本マサオ,始まる前から終わりを感じるタイトルやで
2022-04-15 22:11:36,テロメア,あまりにもひどい枠
2022-04-15 22:11:39,グレンビーグ,え？セックスってことですか？
2022-04-15 22:11:40,ダイフクマメ,いっそ清々しいから健全判定
2022-04-15 22:11:41,ありす,歌枠だっけ？
2022-04-15 22:11:42,T F,お
2022-04-15 22:11:45,ニート鮭男,:unicorn:殺していくスタイルなのね笑笑
2022-04-15 22:11:50,まんじゅう暗黒入り,直球でびっくりした。応援してます
2022-04-15 22:11:51,七宝,故郷(FC2)に帰れ
2022-04-15 22:11:57,P J,草
2022-04-15 22:12:02,ごっしー,ふぅ
2022-04-15 22:12:07,山本マサオ,風船にして置いとけ
2022-04-15 22:12:10,さんま,こんなんでも広告出るんだ
2022-04-15 22:12:11,紅蝶伽,ノラ婚はキャンセルで
2022-04-15 22:12:13,test,サムネに吊られて
2022-04-15 22:12:15,シズレ,草
2022-04-15 22:12:16,コッシー,なんですかこのタイトルw
2022-04-15 22:12:18,六五郎,こんのら～
2022-04-15 22:12:19,takkuson,きた
2022-04-15 22:12:19,ニート鮭男,ソナタは美しい森に帰れ(fc2)
2022-04-15 22:12:19,いまおう,こんのらー
2022-04-15 22:12:19,リプトンスキー,し、深層ウェブから.....おっおっ、お供しまぁーーす！
2022-04-15 22:12:20,グレンビーグ,玄関開けたら、2秒でスキン
2022-04-15 22:12:20,カット,のらーらのbss派と純愛派で抗争起きちゃう
2022-04-15 22:12:22,てぃろ,こんのらー
2022-04-15 22:12:22,デイビット・コジマ ⚰️,こんのらー
2022-04-15 22:12:22,アリマ,こんのらー
2022-04-15 22:12:23,はしもん,こんのらー
2022-04-15 22:12:23,takkuson,こんのら
2022-04-15 22:12:24,うさちゃん,つられてきた
2022-04-15 22:12:24,V-MAX,こんのら～
2022-04-15 22:12:24,かぷちー,こんのら〜
2022-04-15 22:12:24,さすけ,！？
2022-04-15 22:12:24,完全剛体リジッド,こんのらです～
2022-04-15 22:12:26,いまおう,ズンズンチャ
2022-04-15 22:12:26,ばく,????
2022-04-15 22:12:26,野良フェンリル,こんのら～
2022-04-15 22:12:27,クロヘビ局長,おっ、前科者だ
2022-04-15 22:12:28,がんすもー,こんのらー
2022-04-15 22:12:28,デイビット・コジマ ⚰️,いええええええええ
2022-04-15 22:12:28,けそ（けそ）,こんのら～
2022-04-15 22:12:28,しまとじ,こんのらー
2022-04-15 22:12:28,e,ノラくんを返して
2022-04-15 22:12:28,カット,こんのら
2022-04-15 22:12:29,サカ,こんのらー
2022-04-15 22:12:30,レク,やらないか！
2022-04-15 22:12:30,いまおう,ばららいか
2022-04-15 22:12:30,山本マサオ,サングラス傾いてますよ
2022-04-15 22:12:31,さすけ,きたあああああああああああああああ
2022-04-15 22:12:31,Misterkle「みすたくる」,やらないか
2022-04-15 22:12:31,みこっち,草
2022-04-15 22:12:32,ニート鮭男,グラサンズレてるぞ笑笑
2022-04-15 22:12:32,ヤマ.パンダ,突然歌うよー
2022-04-15 22:12:33,YMS,玄関開けたらコンドームでした
2022-04-15 22:12:33,そら,こんのらー
2022-04-15 22:12:33,ばく,wwww
2022-04-15 22:12:33,テロメア,やらないか
2022-04-15 22:12:34,七宝,こんのら〜
2022-04-15 22:12:34,デイビット・コジマ ⚰️,最高だぜ
2022-04-15 22:12:34,3232qeq,こんのらー
2022-04-15 22:12:36,カット,バラライカ？
2022-04-15 22:12:37,アーバク,こんのらー
2022-04-15 22:12:37,那覇由良（なはゆら）,こんのらー
2022-04-15 22:12:37,ポーヘイ,あのさあ…
2022-04-15 22:12:37,龍太,耳w
2022-04-15 22:12:37,のぬさん,始まったか
2022-04-15 22:12:37,ふらんつ,こんのらー
2022-04-15 22:12:38,名無し,草
2022-04-15 22:12:38,夏姫-なつき-,こんのらー
2022-04-15 22:12:39,takkuson,やらないかのほうで草
2022-04-15 22:12:39,V-MAX,やらないかってこと！？
2022-04-15 22:12:40,LIM,こんのらー
2022-04-15 22:12:40,もさぎ。,うっはっうっはっ
2022-04-15 22:12:40,はぐぅ,こんのら
2022-04-15 22:12:41,Black Joker,ひでーなおい
2022-04-15 22:12:41,うさちゃん,こんのら
2022-04-15 22:12:41,深海生物,ここニコニコだっけ？
2022-04-15 22:12:42,ポーヘイ,やらないか
2022-04-15 22:12:42,かぷちー,草
2022-04-15 22:12:43,デイビット・コジマ ⚰️,いえええええ
2022-04-15 22:12:43,完全剛体リジッド,ｱｰ
2022-04-15 22:12:44,ニート鮭男,こんのらー
2022-04-15 22:12:45,セラ,やりティンだぁ！
2022-04-15 22:12:45,P J,初手やらないか:male_sign:で草
2022-04-15 22:12:45,ホシキノコ,うっ！はっ！
2022-04-15 22:12:47,Alex,こんあべ
2022-04-15 22:12:47,チー釜,初手からコラでええんか
2022-04-15 22:12:48,YMS,やらないか
2022-04-15 22:12:48,冥土,こんのらー
2022-04-15 22:12:49,ラッカ,こんのらー
2022-04-15 22:12:49,アルくんさん,こんのらー
2022-04-15 22:12:49,デイビット・コジマ ⚰️,ふぅうううう！！
2022-04-15 22:12:49,ニート鮭男,出オチ笑笑
2022-04-15 22:12:51,コッシー,草
2022-04-15 22:12:52,e,返して
2022-04-15 22:12:52,ポーヘイ,ニコ生じゃん
2022-04-15 22:12:52,ミスターゲドウ,今、ケツでやったら大変なことになるでしょ君
2022-04-15 22:12:52,test,こんのらー
2022-04-15 22:12:53,しゅん,草
2022-04-15 22:12:53,とろびんちょう,こんのらー
2022-04-15 22:12:53,ばく,ヤラナイカ!
2022-04-15 22:12:54,さすけ,やらないか☆
2022-04-15 22:12:54,あんころもち,や　　ら　　な　　い　　か
2022-04-15 22:12:55,デイビット・コジマ ⚰️,たまんねぇえええええ
2022-04-15 22:12:56,クロヘビ局長,やっぱ男じゃない
2022-04-15 22:12:56,takkuson,あいかわらずいい声してやがるぜ
2022-04-15 22:12:58,山本マサオ,変に上手いから困る
2022-04-15 22:12:59,チェ・ギバラ,今来たけど何事
2022-04-15 22:12:59,がんすもー,草
2022-04-15 22:12:59,いまおう,元曲を知らない人も多いやらないか
2022-04-15 22:12:59,深海生物,ニコニコ史上最大の風評被害
2022-04-15 22:13:00,いよちゃん,わこつ？
2022-04-15 22:13:01,わびお嬢様,ハロプロも謝って
2022-04-15 22:13:03,アイランド,こんのらー
2022-04-15 22:13:04,アーバク,いきなり飛ばしてんねぇｗ
2022-04-15 22:13:05,ダイフクマメ,や ら な い か
2022-04-15 22:13:05,ニート鮭男,バラライカだね
2022-04-15 22:13:05,ありす,なまほしちゃんやらないかってこと？
2022-04-15 22:13:05,水猫,こんのらー
2022-04-15 22:13:11,いまおう,さすがアイドル志望
2022-04-15 22:13:12,wazakaиa,顔曲がってますよ
2022-04-15 22:13:14,ありす,ニコ生縛りか
2022-04-15 22:13:17,ニート鮭男,怒られろ笑笑
2022-04-15 22:13:17,FoxP,"Konnora, lets gooooo"
2022-04-15 22:13:18,ミスターゲドウ,こんのらー
2022-04-15 22:13:21,344万の男　※カウントダウン12,こんのらー！！
2022-04-15 22:13:21,さすけ,や　ら　な　い　か
2022-04-15 22:13:22,test,や ら な い か
2022-04-15 22:13:22,ばく,懐かしいw
2022-04-15 22:13:22,リプトンスキー,syamu仕様のサングラス
2022-04-15 22:13:24,クロヘビ局長,思い止めろ
2022-04-15 22:13:25,水猫,やらないかww
2022-04-15 22:13:26,タイメシおむすび,こんのらー
2022-04-15 22:13:26,344万の男　※カウントダウン12,うおおおおおおおおおお！
2022-04-15 22:13:29,ウィナーズサークル,やらないかっていうか、だいぶやってて草
2022-04-15 22:13:31,P J,草
2022-04-15 22:13:31,さいおうが旨っ,こんのらー
2022-04-15 22:13:31,Black Joker,尻が常にねばねばしてると噂のノラさんですね
2022-04-15 22:13:32,みこっち,ニコ生
2022-04-15 22:13:33,344万の男　※カウントダウン12,や　ら　な　い　か
2022-04-15 22:13:35,アリマ,ニコニコなんだよなぁ
2022-04-15 22:13:36,ニート鮭男,心の声レベルの真剣さ笑笑
2022-04-15 22:13:38,自分の竿を相手の*にシューーーッ!!腸!エキサイティン!!,こんのら
2022-04-15 22:13:38,ホシキノコ,うっはっうっは
2022-04-15 22:13:39,ポーヘイ,吹っ切れたねえ
2022-04-15 22:13:39,YMS,Yaranaika
2022-04-15 22:13:40,田所浩二,のらりん☆レボリューション
2022-04-15 22:13:40,チェ・ギバラ,や　ら　な　い　か
2022-04-15 22:13:40,完全剛体リジッド,すごく・・・大きいです
2022-04-15 22:13:41,山本マサオ,片方傾いてて草
2022-04-15 22:13:41,わびお嬢様,アップフロントから怒られろ
2022-04-15 22:13:41,hiro,草
2022-04-15 22:13:45,デイビット・コジマ ⚰️,いええええええ
2022-04-15 22:13:49,344万の男　※カウントダウン12,すごく…大きいです
2022-04-15 22:13:49,デイビット・コジマ ⚰️,やらないか
2022-04-15 22:13:49,しまとじ,草
2022-04-15 22:13:51,げきちん,大きいです・・・
2022-04-15 22:13:53,みこっち,完全に隠す気無くて草
2022-04-15 22:13:53,はしもん,大きいです…
2022-04-15 22:13:55,YMS,Ookii
2022-04-15 22:13:55,ろじ,草
2022-04-15 22:13:56,ばく,おっきいです
2022-04-15 22:13:58,アール・グレイ,こんのらー
2022-04-15 22:13:58,モルチャリ,こんのらー
2022-04-15 22:14:00,アリマ,すごく・・・大きいです
2022-04-15 22:14:01,いよちゃん,腹の中がパンパンだぜ
2022-04-15 22:14:03,ニート鮭男,アイドル志望なの？道間違ってない？笑笑
2022-04-15 22:14:03,かぷちー,Vtube r
2022-04-15 22:14:05,ポンジュ,こんのらー
2022-04-15 22:14:05,Black Joker,これなら珍古音頭歌ってほしいのに……
2022-04-15 22:14:09,ミスターゲドウ,痔、治ったん？大きいの入れて大丈夫そ？
2022-04-15 22:14:10,takkuson,淫夢厨までとりいれていくのか・・。
2022-04-15 22:14:10,も,この世の終わり
2022-04-15 22:14:11,山本マサオ,ｳﾎ
2022-04-15 22:14:13,ぐら,こんのらー
2022-04-15 22:14:16,ばく,抗っていくぅ
2022-04-15 22:14:16,デイビット・コジマ ⚰️,やらないか
2022-04-15 22:14:26,ニート鮭男,イェーーーーイ
2022-04-15 22:14:28,RAM太郎,YA :male_sign: RA :male_sign: NA :male_sign: I :male_sign: KA
2022-04-15 22:14:29,アール・グレイ,サングラスズレてて草
2022-04-15 22:14:30,344万の男　※カウントダウン12,や　ら　な　い　か
2022-04-15 22:14:32,デイビット・コジマ ⚰️,いええええ
2022-04-15 22:14:33,ばく,ヤラナイカ!
2022-04-15 22:14:33,Misterkle「みすたくる」,や ら な い か
2022-04-15 22:14:34,モルチャリ,クソミソッアー！
2022-04-15 22:14:40,もさぎ。,淫夢に塗りつぶされたくそみそ＆パンツレスリングという古のhmネタ
2022-04-15 22:14:40,しまとじ,や　ら　な　い　か
2022-04-15 22:14:43,デイビット・コジマ ⚰️,うはうは
2022-04-15 22:14:43,オーレリア・ウェルギウス,こんのらー！ウホッ良い鼠・・・・
2022-04-15 22:14:44,リプトンスキー,少し左曲がりのノラ君
2022-04-15 22:14:47,鯰人「なまんちゅ」,やらないか
2022-04-15 22:14:47,YMS,や・ら・な・い・か
2022-04-15 22:14:48,けそ（けそ）,や　ら　な　い　か　？
2022-04-15 22:14:50,山本マサオ,カラオケで歌ったら外からJKにクスクス笑われたの思い出した
2022-04-15 22:14:50,e,やりますー
2022-04-15 22:14:51,さすけ,やらないか…
2022-04-15 22:14:52,344万の男　※カウントダウン12,ｳﾎｫｫｫｫｫｫｫｫｫ
2022-04-15 22:14:52,ダイフクマメ,イケボ草
2022-04-15 22:14:55,いすといすと,２次会会場はこちらです？
2022-04-15 22:14:55,cheruno,OH
2022-04-15 22:14:56,ニート鮭男,爆乳音頭も聴きてえ笑笑
2022-04-15 22:14:57,takkuson,いい:cheese_wedge:
2022-04-15 22:14:59,モルチャリ,ノラーラの真紅のクソミソ
2022-04-15 22:14:59,いっち,こんのらー
2022-04-15 22:15:00,デイビット・コジマ ⚰️,よかったのかほいほいついて来て
2022-04-15 22:15:01,アル晴れ,こんのらー
2022-04-15 22:15:06,ありす,Hey guys!
2022-04-15 22:15:06,コッシー,や　ら　な　い　か
2022-04-15 22:15:09,げきちん,アッー！
2022-04-15 22:15:11,runawk,ウホッいい男
2022-04-15 22:15:11,アライラ,あ”あ”あ”あ”あ”あ”あ”あ”！！！！！
2022-04-15 22:15:12,みこっち,アッーーーー！
2022-04-15 22:15:12,なっとうまき,や　ら　な　い　か
2022-04-15 22:15:14,デイビット・コジマ ⚰️,いええええええ
2022-04-15 22:15:14,344万の男　※カウントダウン12,ｱｯｰ
2022-04-15 22:15:15,いまおう,これがホロライブか・・・
2022-04-15 22:15:16,さすけ,アッー！
2022-04-15 22:15:18,V-MAX,草
2022-04-15 22:15:19,takkuson,草
2022-04-15 22:15:20,デイビット・コジマ ⚰️,ア―――――――！
2022-04-15 22:15:20,ポーヘイ,アーッ！
2022-04-15 22:15:24,カルダリ,草
2022-04-15 22:15:24,IROTEC,メガネズレてんぞ
2022-04-15 22:15:24,ばく,アｯーーーーーー!!!
2022-04-15 22:15:25,ダイフクマメ,(≧Д≦)アッー
2022-04-15 22:15:25,山本マサオ,ｱｯー！、
2022-04-15 22:15:25,はしもん,これを部屋で一人で歌っていると思うと虚しくなる
2022-04-15 22:15:25,Misterkle「みすたくる」,ｱｰｯ!じゃなくてｱｯｰ!!だろ！！
2022-04-15 22:15:28,ニート鮭男,2次会笑笑
2022-04-15 22:15:29,デイビット・コジマ ⚰️,やらないか！
2022-04-15 22:15:30,ホシキノコ,従いさじ兄貴
2022-04-15 22:15:30,Black Joker,久しぶりのリアタイなのに汚井ノラなんて無いぜ…
2022-04-15 22:15:30,完全剛体リジッド,ネコみたいな声出すじゃないの
2022-04-15 22:15:32,平賀源内,こんのらー！草
2022-04-15 22:15:35,デイビット・コジマ ⚰️,いえええええ！
2022-04-15 22:15:35,P J,しっかり事案から吹っ切れててたすかる
2022-04-15 22:15:38,takkuson,アレンジ助かる
2022-04-15 22:15:39,セラ,アーーーー
2022-04-15 22:15:40,デイビット・コジマ ⚰️,いえええええええええ！
2022-04-15 22:15:41,山本マサオ,すごく、、、上手いです、、、
2022-04-15 22:15:43,ハナマル,いさじは神
2022-04-15 22:15:44,ニート鮭男,掘る側なのか笑笑
2022-04-15 22:15:45,344万の男　※カウントダウン12,草
2022-04-15 22:15:48,YMS,アッーっ！！
2022-04-15 22:15:48,やさい,こんのらー
2022-04-15 22:15:49,しまとじ,草
2022-04-15 22:15:49,カット,え？
2022-04-15 22:15:49,takkuson,草
2022-04-15 22:15:49,アリマ,草
2022-04-15 22:15:51,shuiiij(しゅいじ),草
2022-04-15 22:15:51,もさぎ。,くるみぽんちおも歌って欲しい
2022-04-15 22:15:52,カット,いいの？
2022-04-15 22:15:52,なっとうまき,草
2022-04-15 22:15:52,みこっち,やらないか！
2022-04-15 22:15:53,e,綺麗なノラくんを返して
2022-04-15 22:15:53,デイビット・コジマ ⚰️,やらないか！
2022-04-15 22:15:53,V-MAX,ｗｗｗ
2022-04-15 22:15:53,test,草
2022-04-15 22:15:54,ミスターゲドウ,痔が悪化するぞ
2022-04-15 22:15:55,Misterkle「みすたくる」,ｱｯｰ!!
2022-04-15 22:15:56,ポーヘイ,草
2022-04-15 22:15:56,けそ（けそ）,痔だけど大丈夫そ？
2022-04-15 22:15:57,アル晴れ,草
2022-04-15 22:15:58,344万の男　※カウントダウン12,最高！:clapping_hands::clapping_hands::clapping_hands::clapping_hands::clapping_hands::clapping_hands::clapping_hands:
2022-04-15 22:15:59,鯰人「なまんちゅ」,草
2022-04-15 22:15:59,いつか,草
2022-04-15 22:15:59,デイビット・コジマ ⚰️,呑むな
2022-04-15 22:15:59,じゃもじゃも,草
2022-04-15 22:16:00,いっち,草
2022-04-15 22:16:01,野良フェンリル,飲むな
2022-04-15 22:16:01,カルダリ,草
2022-04-15 22:16:01,ニート鮭男,とりあえずグラサンズレてるって
2022-04-15 22:16:02,冥土,酷いw
2022-04-15 22:16:02,T F,色々とｗｗ
2022-04-15 22:16:03,自分の竿を相手の*にシューーーッ!!腸!エキサイティン!!,:clapping_hands::clapping_hands::clapping_hands::clapping_hands::clapping_hands::clapping_hands::clapping_hands::clapping_hands::clapping_hands:
2022-04-15 22:16:03,IROTEC,腹壊すお
2022-04-15 22:16:03,蛙印,シャンプーなんだよなあ
2022-04-15 22:16:04,サカ,草
2022-04-15 22:16:04,P J,懐かしいかった
2022-04-15 22:16:04,コッシー,まずいですよ
2022-04-15 22:16:05,FoxP,:clapping_hands:
2022-04-15 22:16:05,・。・,完全詠唱
2022-04-15 22:16:06,平賀源内,だから腹壊すんだよ！
2022-04-15 22:16:08,山本マサオ,痔なのに
2022-04-15 22:16:10,takkuson,グルシャンじゃねーか
2022-04-15 22:16:10,いまおう,はい
2022-04-15 22:16:11,カルダリ,:clapping_hands::clapping_hands::clapping_hands::clapping_hands::clapping_hands::clapping_hands:
2022-04-15 22:16:11,ホシキノコ,拡張するってマジ？
2022-04-15 22:16:11,けそ（けそ）,草
2022-04-15 22:16:11,タイメシおむすび,また怒られろw
2022-04-15 22:16:12,完全剛体リジッド,便が白くなりそう
2022-04-15 22:16:13,みこっち,はい
2022-04-15 22:16:13,e,おかえり
2022-04-15 22:16:13,自分の竿を相手の*にシューーーッ!!腸!エキサイティン!!,シャンプーは飲むな
2022-04-15 22:16:13,YMS,グルシャンしていく
2022-04-15 22:16:13,うさちゃん,:clapping_hands:
2022-04-15 22:16:13,ばく,こんのらこんのら
2022-04-15 22:16:14,あんころもち,腹壊すよｗ
2022-04-15 22:16:14,セラ,パパー
2022-04-15 22:16:15,アリマ,こんのらー
2022-04-15 22:16:15,ミスターゲドウ,急にテンション下げないで
2022-04-15 22:16:15,ニッキーchan,草
2022-04-15 22:16:16,あるごん,こんのらー
2022-04-15 22:16:16,アル晴れ,賢者モードで草
2022-04-15 22:16:17,・。・,どういうことだよ
2022-04-15 22:16:18,凡人,あらがいのら
2022-04-15 22:16:18,タイメシおむすび,こんのらー
2022-04-15 22:16:19,やさい,シャンプーは苦いってなまほしちゃんが言ってた
2022-04-15 22:16:19,FoxP,konnora
2022-04-15 22:16:19,runawk,シャンプー飲めよ
2022-04-15 22:16:19,ダイフクマメ,感動した
2022-04-15 22:16:19,鯰人「なまんちゅ」,こんのらー
2022-04-15 22:16:20,アライラ,こ、こんのらー
2022-04-15 22:16:21,龍太,こんのらw
2022-04-15 22:16:21,Misterkle「みすたくる」,反省ゼロ、ってこと？！
2022-04-15 22:16:22,bbb aaa,こんのらー
2022-04-15 22:16:22,T F,ケツの中にシャンプー？
2022-04-15 22:16:22,けそ（けそ）,こんのら～
2022-04-15 22:16:23,スペースアニキ,ノラ茶
2022-04-15 22:16:23,六五郎,こんのらです
2022-04-15 22:16:23,ポーヘイ,:clapping_hands::clapping_hands::clapping_hands::clapping_hands:
2022-04-15 22:16:24,RAM太郎,こんのら！
2022-04-15 22:16:24,街乗りCZ4A,はいこんのら
2022-04-15 22:16:25,ウィナーズサークル,どういうことだよ
2022-04-15 22:16:26,ラジ丸,こんのら
2022-04-15 22:16:27,V-MAX,拡張してけー！
2022-04-15 22:16:28,ハナマル,人権道徳ぅ！？
2022-04-15 22:16:29,屑鉄,シャンプーは下からも飲んじゃだめよ
2022-04-15 22:16:29,カナガタ_セッサク中,こんのらー
2022-04-15 22:16:31,いすといすと,第２次グルシャン事件勃発！？
2022-04-15 22:16:32,あんころもち,こんのら～
2022-04-15 22:16:33,深海生物,ガチへこみしてて草
2022-04-15 22:16:34,ポンジュ,やっぱりグルシャンだったか
2022-04-15 22:16:35,じぇろ,狂人になれという教えを実行するのえらい
2022-04-15 22:16:36,ありす,ションベンはやめとけ
2022-04-15 22:16:36,ニート鮭男,痔が爆発するぞ笑笑
2022-04-15 22:16:37,山本マサオ,ジョークが重すぎる
2022-04-15 22:16:39,Black Joker,尻にしょんべん入れてるから痔がなおらんのよ
2022-04-15 22:16:39,ポーヘイ,シャンプーケツから飲むぞ
2022-04-15 22:16:39,田所浩二,サングラス曲がってますよ
2022-04-15 22:16:40,じゃもじゃも,こんのらー
2022-04-15 22:16:40,デイビット・コジマ ⚰️,ノラ君が元気になって帰って来くれたぁああ！最高だぜぇ！！シャンプーは頭洗うものやぞ
2022-04-15 22:16:41,うりゃおい,シャムみたい
2022-04-15 22:16:42,もさぎ。,ジョーク、ジョーク、ここはジョークアベニューです
2022-04-15 22:16:42,チャロ,やめないか！
2022-04-15 22:16:43,しぇるふ,窓辺ドロップス
2022-04-15 22:16:46,さすけ,サングラスはずらすもの
2022-04-15 22:16:46,ミスターゲドウ,シャンプー、ケツに入れるとマジで腹壊すから気をつけてな
2022-04-15 22:16:46,ぱきら,タイトルどうした！？
2022-04-15 22:16:46,ベストマン2世,サングラスsyamuさん並みに曲がってた
2022-04-15 22:16:49,山本マサオ,かわいい
2022-04-15 22:16:49,デイビット・コジマ ⚰️,コンノラ―
2022-04-15 22:16:49,シスターさん,こんのらー
2022-04-15 22:16:50,ダイフクマメ,こんのらー
2022-04-15 22:16:51,完全剛体リジッド,こんのらです～
2022-04-15 22:16:52,アル晴れ,新人シンガーソングライター
2022-04-15 22:16:52,カット,こんのら
2022-04-15 22:16:53,33 foxes,こんのら
2022-04-15 22:16:54,ニート鮭男,こんのらー
2022-04-15 22:16:54,ガンテル,こんのらでーす
2022-04-15 22:16:54,柳井もぶ,こんのらー
2022-04-15 22:16:55,shuiiij(しゅいじ),こんのらー
2022-04-15 22:16:56,東京皇帝☆北条恋歌,こんのらー
2022-04-15 22:16:57,いーえく,人権道徳？
2022-04-15 22:16:58,カンナカムイ,こんのらー
2022-04-15 22:16:59,test,かわいい
2022-04-15 22:17:00,runawk,シャンプーで小火とは本当に成長したねノラくん、その調子だぞ
2022-04-15 22:17:01,e,おせっせ配信ですか？
2022-04-15 22:17:01,かみやすり,こんのらー
2022-04-15 22:17:01,03 0102,サムネとタイトル見て、は？だよ
2022-04-15 22:17:03,ばく,www
2022-04-15 22:17:05,南 光太郎,こんのら〜
2022-04-15 22:17:04,takkuson,神妙にしてたの演技なんだよなぁ
2022-04-15 22:17:06,あるごん,シャンプー？
2022-04-15 22:17:07,ヤマ,こんのら
2022-04-15 22:17:07,テロメア,またシャンプーの話してる
2022-04-15 22:17:09,ウィナーズサークル,大物Vtubeｒ
2022-04-15 22:17:10,平賀源内,大草原
2022-04-15 22:17:10,オーレリア・ウェルギウス,シャンプーを口に？
2022-04-15 22:17:11,ニート鮭男,一生分口にしたね
2022-04-15 22:17:13,ちろる,飲むな
2022-04-15 22:17:14,モルチャリ,ノラーラ怒られちゃったね
2022-04-15 22:17:15,ヨツカド,こんのらー
2022-04-15 22:17:15,Gen,口にしたwww
2022-04-15 22:17:16,takkuson,ダブルミーニングやめて
2022-04-15 22:17:16,ハナマル,しゃんぷー、飲むぅ？
2022-04-15 22:17:18,みこっち,シャンプーを口にした
2022-04-15 22:17:18,ポンジュ,墓穴掘ってくるー
2022-04-15 22:17:19,クロヘビ局長,やっぱりグルシャンじゃないか
2022-04-15 22:17:20,YMS,やっぱりグルシャンじゃないですかぁ
2022-04-15 22:17:20,山本マサオ,シャンプーで:fire:
2022-04-15 22:17:21,アル晴れ,口にしたの意味ｗｗｗｗ
2022-04-15 22:17:22,いよちゃん,シャンプーを口に
2022-04-15 22:17:22,あるごん,え
2022-04-15 22:17:23,めーぷる,こんのらー
2022-04-15 22:17:24,シスターさん,草
2022-04-15 22:17:24,野良フェンリル,はよシャンプー売れ
2022-04-15 22:17:24,ばく,楽しみ!!
2022-04-15 22:17:25,げきちん,公開セッ！？
2022-04-15 22:17:25,デイビット・コジマ ⚰️,まじかああああああ
2022-04-15 22:17:25,うさちゃん,うおおおおおお
2022-04-15 22:17:25,P J,草
2022-04-15 22:17:26,たなかいちろう,セッセセ配信だと
2022-04-15 22:17:27,完全剛体リジッド,百合百合だぜぇ！
2022-04-15 22:17:27,東京皇帝☆北条恋歌,グルシャンしたのか
2022-04-15 22:17:27,じぇろ,らんまのほうが言ってる
2022-04-15 22:17:27,takkuson,公開セッセセ楽しみ
2022-04-15 22:17:27,あんころもち,な、なんだってー！
2022-04-15 22:17:30,アル晴れ,ホンマにやるんか
2022-04-15 22:17:31,山本マサオ,は？
2022-04-15 22:17:31,さすけ,うおおおおおおおおお
2022-04-15 22:17:31,蛙印,短時間であんなにシャンプーって聞いたことなかった
2022-04-15 22:17:31,みこっち,FC2のアカウント作っておいた方がいい？
2022-04-15 22:17:32,しまとじ,やったぜ
2022-04-15 22:17:32,Misterkle「みすたくる」,わぁいたのしみ
2022-04-15 22:17:34,アリマ,公録しろ
2022-04-15 22:17:34,ニート鮭男,ASMRなのか本気なのか気になるわ
2022-04-15 22:17:35,shuiiij(しゅいじ),いええええい
2022-04-15 22:17:37,T F,ケツに差し入れ
2022-04-15 22:17:38,e,ご期待じゃなくて今して
2022-04-15 22:17:40,runawk,シャンプーグッズ作ろう
2022-04-15 22:17:41,Misterkle「みすたくる」,コンドーム？！
2022-04-15 22:17:42,アライラ,ある意味の水と油感
2022-04-15 22:17:42,ミスターゲドウ,ほんとにやってくれよな
2022-04-15 22:17:44,たなかいちろう,お互いにシャンプーかけあうんか？
2022-04-15 22:17:45,ありす,やーい、やらかしノラ〜！
2022-04-15 22:17:45,水猫,www
2022-04-15 22:17:47,ばく,さすとめだね
2022-04-15 22:17:47,みこっち,とめるからかよｗｗｗ
2022-04-15 22:17:49,アル晴れ,えぇｗｗｗｗｗ
2022-04-15 22:17:53,いよちゃん,これのためにパシられたセバス……
2022-04-15 22:17:54,HK-UI,w
2022-04-15 22:17:54,ウィナーズサークル,差し入れ
2022-04-15 22:17:55,344万の男　※カウントダウン12,差し入れだったのかあれw
2022-04-15 22:17:55,いっち,ゴムしなよ〜
2022-04-15 22:17:57,鯰人「なまんちゅ」,サガミオリジナルｗｗ
2022-04-15 22:17:57,P J,何故にコンドームとは思ってた
2022-04-15 22:17:58,アル晴れ,とめるが送ってきたのかよｗｗｗｗｗｗｗｗｗ
2022-04-15 22:17:58,いーえく,拡張しろってことだろ
2022-04-15 22:17:59,ぱきら,ご期待ください！
2022-04-15 22:17:59,完全剛体リジッド,拡張にも使えるね！
2022-04-15 22:18:00,ニート鮭男,NICEとめるちゃん
2022-04-15 22:18:00,なっとうまき,たまげたなあ
2022-04-15 22:18:00,いつか,キャべジンは効く
2022-04-15 22:18:00,test,草
2022-04-15 22:18:00,めーぷる,どこにコンドームつけるの？
2022-04-15 22:18:01,ミスターゲドウ,避妊は解釈違い
2022-04-15 22:18:01,takkuson,どっちが竿役なんですかねぇ・・・
2022-04-15 22:18:01,ありす,FC2いくぞ！
2022-04-15 22:18:01,YMS,とめるちゃんからか
2022-04-15 22:18:02,ガンテル,なるほど！（？）
2022-04-15 22:18:03,けそ（けそ）,チョイスのセンスよｗｗｗ
2022-04-15 22:18:04,petitortue,草
2022-04-15 22:18:04,動画保管庫,サムネｗｗ
2022-04-15 22:18:04,さすけ,0.02なのケチってて笑ったわ
2022-04-15 22:18:04,33 foxes,ラブホ→肝試し
2022-04-15 22:18:05,デイビット・コジマ ⚰️,サガミオリジナルは草なんよな
2022-04-15 22:18:07,竜党のグンマー,サムネどうなってんだ？
2022-04-15 22:18:07,山本マサオ,とめるが笑ってそうやな
2022-04-15 22:18:08,bbb aaa,おせっせきたかｗ
2022-04-15 22:18:09,Black Joker,股パッカーン系か
2022-04-15 22:18:09,スペースアニキ,穴空いてないか気をつけろ
2022-04-15 22:18:10,KAL,こんのらー
2022-04-15 22:18:10,Misterkle「みすたくる」,何を差し入れたんですかねぇ
2022-04-15 22:18:11,林啓太,こんのらー
2022-04-15 22:18:13,ありす,深層組ってゴムするんだ
2022-04-15 22:18:13,ニート鮭男,BANされるぞ連呼すると笑笑
2022-04-15 22:18:15,KAL,どういうこと？
2022-04-15 22:18:17,はぐぅ,ちゃんとつけないとね
2022-04-15 22:18:18,暇人X,そのコンドームとめるが常備してるやつなんだよね
2022-04-15 22:18:19,水猫,避妊は大事だよな
2022-04-15 22:18:20,takkuson,玄関開けたら即コンドーム
2022-04-15 22:18:20,よーしゅ,セバスは中身知ってたのか？
2022-04-15 22:18:22,デイビット・コジマ ⚰️,なるほど理解
2022-04-15 22:18:22,アル晴れ,なんでやねんｗｗｗｗｗｗｗ
2022-04-15 22:18:23,アライラ,なまではさせてくれないのね
2022-04-15 22:18:23,そら,なまほしちゃんとの○○○○ほんと楽しみ
2022-04-15 22:18:23,ばく,あったけえなぁ
2022-04-15 22:18:24,オカダ,サムネ強烈すぎるw
2022-04-15 22:18:25,動画保管庫,玄関開けたら2分でご飯
2022-04-15 22:18:25,ポーヘイ,ウーバーコンドームだぞ
2022-04-15 22:18:28,めーぷる,サガミは信じてもいい
2022-04-15 22:18:32,平賀源内,しおらしいノラくんが見れてよかった(カタカタ
2022-04-15 22:18:33,タイメシおむすび,拡張するためのゴムでしょ？？
2022-04-15 22:18:34,もさぎ。,そんな奴にマウント取られて悔しくないの？
2022-04-15 22:18:35,きまぐれ鉛筆,こんのらー
2022-04-15 22:18:36,あるごん,差し入れを使って差し入れるんですね
2022-04-15 22:18:37,やどかに,www
2022-04-15 22:18:37,宇津田詩瑙,草
2022-04-15 22:18:37,林啓太,草
2022-04-15 22:18:38,いつか,草
2022-04-15 22:18:38,ばく,来てたねw
2022-04-15 22:18:38,冥土,草
2022-04-15 22:18:38,サカ,草
2022-04-15 22:18:39,シズレ,草
2022-04-15 22:18:39,V-MAX,草
2022-04-15 22:18:41,アル晴れ,草
2022-04-15 22:18:41,うさちゃん,www
2022-04-15 22:18:41,ヨツカド,草
2022-04-15 22:18:42,南 光太郎,草
2022-04-15 22:18:42,けそ（けそ）,草
2022-04-15 22:18:44,めーぷる,解釈違い
2022-04-15 22:18:44,ニート鮭男,ゴムするんだは草
2022-04-15 22:18:45,ソニアマスター,草
2022-04-15 22:18:45,344万の男　※カウントダウン12,草
2022-04-15 22:18:45,鯰人「なまんちゅ」,草
2022-04-15 22:18:45,LIM,草
2022-04-15 22:18:45,デイビット・コジマ ⚰️,それはヒドイ
2022-04-15 22:18:46,東京皇帝☆北条恋歌,草
2022-04-15 22:18:46,ダンサンブル伊藤,ようドスケベセクサロイド
2022-04-15 22:18:47,03 0102,草
2022-04-15 22:18:47,ichirou suzuki,水が２リットルもはいるんだぞ
2022-04-15 22:18:48,Horatio7 ・。・,酷すぎるｗｗｗ
2022-04-15 22:18:48,bbb aaa,なまほしだし
2022-04-15 22:18:49,P J,草
2022-04-15 22:18:49,モルチャリ,なまほしちゃんは生じゃだめなん？
2022-04-15 22:18:50,ぱきら,生でいけよ(*´ω｀*) 
2022-04-15 22:18:50,T F,生配信だけに
2022-04-15 22:18:51,takkuson,だって生のがきもちいいもんねぇ～
2022-04-15 22:18:51,ガンテル,生ほしいちゃん
2022-04-15 22:18:52,コウヘイ(カワダ・コウヘイ),草
2022-04-15 22:18:52,深海生物,「なま」ほしちゃんだからね
2022-04-15 22:18:52,ヤマ,生で欲しいちゃん
2022-04-15 22:18:54,いーえく,なま〇しちゃん！？
2022-04-15 22:18:54,ハナマル,無責任ックスの申し子
2022-04-15 22:18:54,平賀源内,陽キャは生なんやろなぁ………
2022-04-15 22:18:55,あにまっち_ボカロ曲あるよ,生ほしちゃん
2022-04-15 22:18:55,動画保管庫,草
2022-04-15 22:18:55,アル晴れ,法爆発
2022-04-15 22:18:56,33 foxes,なまほしちゃんだけってか
2022-04-15 22:18:57,クロヘビ局長,草
2022-04-15 22:18:57,めーぷる,ゴムするのは解釈違いですね
2022-04-15 22:18:57,デイビット・コジマ ⚰️,そうれは草なんよな
2022-04-15 22:18:58,完全剛体リジッド,他所ならセクハラだぞ
2022-04-15 22:18:58,さすけ,ゴム無しがデフォルトの世界線…？
2022-04-15 22:18:59,ウィナーズサークル,なまノラってそういうこと
2022-04-15 22:18:59,3232qeq,なま派
2022-04-15 22:19:01,カット,とめるはゴムないと病気うつりそう
2022-04-15 22:19:01,あかんすこ,コンドー組だぞ
2022-04-15 22:19:03,ポーヘイ,生だからね
2022-04-15 22:19:04,シスターさん,草
2022-04-15 22:19:04,レンたろう,生ほしちゃん
2022-04-15 22:19:04,ニート鮭男,なまほしちゃんだしね
2022-04-15 22:19:04,もさぎ。,なま◯しちゃんいるもん
2022-04-15 22:19:05,みこっち,貞操感
2022-04-15 22:19:06,ジョン,生イキ丸
2022-04-15 22:19:06,山本マサオ,ゴムの概念あったんやな
2022-04-15 22:19:08,じぇろ,なまだしちゃん？！？！
2022-04-15 22:19:10,P J,fc2有料何円からですか？
2022-04-15 22:19:12,ばく,www
2022-04-15 22:19:12,ポンジュ,生なことばっかりしてるからw
2022-04-15 22:19:13,アキスェ,草
2022-04-15 22:19:13,ぷもも,草
2022-04-15 22:19:13,名無し,なまーら
2022-04-15 22:19:13,e,？
2022-04-15 22:19:14,田所浩二,なまだしちゃん
2022-04-15 22:19:14,やどかに,あ、
2022-04-15 22:19:14,ミスターゲドウ,また怒られそう
2022-04-15 22:19:14,V-MAX,え！？
2022-04-15 22:19:14,動画保管庫,エッ
2022-04-15 22:19:14,さすけ,あのさあ…
2022-04-15 22:19:15,デイビット・コジマ ⚰️,うーんこの
2022-04-15 22:19:16,takkuson,生で欲しいちゃんだからね
2022-04-15 22:19:16,山本マサオ,なまほしいは草
2022-04-15 22:19:16,名無しめん,なまほしちゃんか
2022-04-15 22:19:16,みこっち,名前の通りという事か
2022-04-15 22:19:17,冥土,www
2022-04-15 22:19:17,かみやすり,草
2022-04-15 22:19:17,YMS,なまほしいちゃん
2022-04-15 22:19:18,あるごん,生欲し！？
2022-04-15 22:19:18,ニート鮭男,本当にもっと怒られて下さい。
2022-04-15 22:19:18,そら,なまほしちゃんなのに…
2022-04-15 22:19:19,林啓太,生イキってそういう……
2022-04-15 22:19:19,アル晴れ,ん？？？
2022-04-15 22:19:19,けそ（けそ）,怒られよ？
2022-04-15 22:19:20,深海生物,「生イキ」ってことか…
2022-04-15 22:19:20,完全剛体リジッド,上手いこと言いますねぇ～
2022-04-15 22:19:20,03 0102,youtube君大丈夫かこの配信
2022-04-15 22:19:20,Horatio7 ・。・,喧嘩の続き？
2022-04-15 22:19:20,あにまっち_ボカロ曲あるよ,な〇〇しちゃん
2022-04-15 22:19:20,ダンサンブル伊藤,いいよ
2022-04-15 22:19:20,しまとじ,草
2022-04-15 22:19:21,runawk,解釈一致
2022-04-15 22:19:21,M M.,なまほしだけにね
2022-04-15 22:19:21,めーぷる,性病が広まっちゃうよ
2022-04-15 22:19:21,ヤマ,ｗ
2022-04-15 22:19:22,スペースアニキ,なまだしちゃんはまずいですよ！
2022-04-15 22:19:22,ありす,生でほしいちゃん
2022-04-15 22:19:23,アキスェ,なまでほしいちゃん
2022-04-15 22:19:23,Maz MiRO / まずみろ,そーゆーとこだぞ、炎上小僧
2022-04-15 22:19:25,どぅー / Do. 3DCG - ch,無料ならセーフ
2022-04-15 22:19:27,ミスターゲドウ,早くチャットで確認して
2022-04-15 22:19:27,T F,なまでほしいちゃんｗｗ
2022-04-15 22:19:27,がんすもー,草
2022-04-15 22:19:28,げきちん,生ほしいちゃん
2022-04-15 22:19:28,藤泉山茶花,こんのらー
2022-04-15 22:19:28,Black Joker,言ってるやつ
2022-04-15 22:19:29,takkuson,生で欲しいちゃんはほんま草
2022-04-15 22:19:29,平賀源内,生でほしいは草
2022-04-15 22:19:30,e,はいディス
2022-04-15 22:19:30,みこっち,生イキ
2022-04-15 22:19:30,アル晴れ,言ってて草
2022-04-15 22:19:30,いーえく,ダメに決まってんだろw
2022-04-15 22:19:31,名無しめん,許可大事だね
2022-04-15 22:19:32,33 foxes,お前が言うんだよ
2022-04-15 22:19:32,アライラ,お気持ちされるぞ
2022-04-15 22:19:32,コウヘイ(カワダ・コウヘイ),こんのら
2022-04-15 22:19:32,ミュラー,言っとるやないかい
2022-04-15 22:19:32,蛙印,抗っていけ
2022-04-15 22:19:32,ばく,お気待ちい
2022-04-15 22:19:32,黒アルパカ,サムネに釣られたんだが？何事？
2022-04-15 22:19:33,チー釜,ナマダシちゃんはひどいw
2022-04-15 22:19:33,さいおうが旨っ,そーゆうとこだぞ
2022-04-15 22:19:34,Dejawa,こんのら
2022-04-15 22:19:35,セラ,怒られろ
2022-04-15 22:19:35,東京皇帝☆北条恋歌,草
2022-04-15 22:19:35,リプトンスキー,まずい
2022-04-15 22:19:37,ラジ丸,そんなこというから嫌われるんだよw
2022-04-15 22:19:37,いよちゃん,また喧嘩勃発だ
2022-04-15 22:19:38,デイビット・コジマ ⚰️,なんにせよ元気になってよかったよ
2022-04-15 22:19:39,冥土,ツイキャスでお気持ちされるわ
2022-04-15 22:19:41,ジョン,怒られる覚悟で毎回言って欲しい
2022-04-15 22:19:43,ありす,みんなで一緒に怒られよう
2022-04-15 22:19:44,ニート鮭男,俺たちは騒がしいからいいけど
2022-04-15 22:19:45,山本マサオ,みんなに怒られろw
2022-04-15 22:19:46,引きこもり,リスナーよりキモイの何
2022-04-15 22:19:47,Black Joker,聞くなよ
2022-04-15 22:19:50,takkuson,ガチで３時間お気持ちされそう
2022-04-15 22:19:51,スマイル,きくの草
2022-04-15 22:19:53,デイビット・コジマ ⚰️,おいいいいいきくなああああ
2022-04-15 22:19:54,P J,そこのところやぞって聞くのかm
2022-04-15 22:19:55,・。・,聞くなｗ
2022-04-15 22:19:55,Black Joker,聞くな聞くな
2022-04-15 22:19:56,さすけ,ちゃんと怒られろ
2022-04-15 22:19:56,藤泉山茶花,やめなさい
2022-04-15 22:19:57,ばく,怒られちゃう(；▽；)
2022-04-15 22:19:57,平賀源内,うつな、うつなwww
2022-04-15 22:19:59,ありす,生イキ組！？
2022-04-15 22:20:00,a m,怒られるならしょーもない怒られ方するな
2022-04-15 22:20:01,ゴーヤドーフ,ゴムほしちゃんも欲しいよな
2022-04-15 22:20:01,めーぷる,リスナーより狂うってもう狂ってるやん
2022-04-15 22:20:01,アリマ,リスナーより狂うな
2022-04-15 22:20:02,けそ（けそ）,聞くのは草なんよww
2022-04-15 22:20:02,強面納豆,リスナーより狂うな
2022-04-15 22:20:04,名無しめん,きくのだいじ
2022-04-15 22:20:04,bbb aaa,怒られようｗノラ組が悪い。ノラ組の所為にしよ
2022-04-15 22:20:04,タイメシおむすび,ほんっと最適w
2022-04-15 22:20:05,ぱきら,生謝罪
2022-04-15 22:20:05,いっち,えぇ
2022-04-15 22:20:07,Misterkle「みすたくる」,聞こう(事後承諾)
2022-04-15 22:20:07,runawk,草
2022-04-15 22:20:07,アル晴れ,草
2022-04-15 22:20:08,いよちゃん,報連相大切だもんね
2022-04-15 22:20:08,やどかに,ノラくんさぁ…
2022-04-15 22:20:08,ダンサンブル伊藤,謝ればok
2022-04-15 22:20:13,セラ,謝れてえろい
2022-04-15 22:20:13,ニート鮭男,こ、こいつってなるわな
2022-04-15 22:20:15,344万の男　※カウントダウン12,報告すんのかwww
2022-04-15 22:20:17,P J,なまほしちゃん本人に聞くのか ww
2022-04-15 22:20:17,うりゃおい,抗ってるな
2022-04-15 22:20:19,T F,イってしまったか
2022-04-15 22:20:19,ばく,事後承諾である
2022-04-15 22:20:20,アライラ,え？
2022-04-15 22:20:20,Misterkle「みすたくる」,もっと狂え！！！
2022-04-15 22:20:21,runawk,全部がネタに見えてきたわ
2022-04-15 22:20:21,リプトンスキー,:downcast_face_with_sweat:
2022-04-15 22:20:22,ウィナーズサークル,静岡県民はゴムをつけない
2022-04-15 22:20:22,平賀源内,一回拡張されろ
2022-04-15 22:20:25,げきちん,生謝精
2022-04-15 22:20:25,さすけ,事後報告はダメだってあれほど
2022-04-15 22:20:27,P J,草
2022-04-15 22:20:28,ポーヘイ,むしろ狂えって教えてくれた
2022-04-15 22:20:28,柳井もぶ,射ザー？
2022-04-15 22:20:29,いっち,なまほしちゃん…
2022-04-15 22:20:30,デイビット・コジマ ⚰️,狂ってはない
2022-04-15 22:20:30,みこっち,いつも通り
2022-04-15 22:20:30,bbb aaa,また抗ったｗ
2022-04-15 22:20:31,スマイル,事後承諾はええんか…？
2022-04-15 22:20:31,ミスターゲドウ,何でもかんでもディスコードで確認しまくってウザがられて、お気持ちされるようになろう
2022-04-15 22:20:32,ごっしー,素直大事
2022-04-15 22:20:32,ばく,そうだね
2022-04-15 22:20:32,ニート鮭男,俺たちも負けてられない
2022-04-15 22:20:34,めーぷる,抗井ノラだ！
2022-04-15 22:20:34,・。・,もう狂ってるが
2022-04-15 22:20:34,深海生物,それは真似しないで
2022-04-15 22:20:34,鷹彰【たかあき】,今日もどうかしていていいですね(※褒めてる)
2022-04-15 22:20:34,YMS,参考にならない
2022-04-15 22:20:35,Black Joker,ノラ組民度やべーのはこれが原因www
2022-04-15 22:20:41,ジョン,もっと狂って欲しい、狂いが足りない
2022-04-15 22:20:43,3232qeq,シャンプー事件ね
2022-04-15 22:20:43,ばく,もっと狂おう
2022-04-15 22:20:46,デイビット・コジマ ⚰️,うんうん
2022-04-15 22:20:47,山本マサオ,あ、はい
2022-04-15 22:20:47,li nva,さっきの配信遠慮してた?
2022-04-15 22:20:48,hiro m,だね
2022-04-15 22:20:48,名無し,既に一番狂ってるんだよなあ
2022-04-15 22:20:49,ガンテル,イキたいノラ
2022-04-15 22:20:49,クロヘビ局長,ノラ組が悪い
2022-04-15 22:20:50,bbb aaa,どっちも悪くないよ
2022-04-15 22:20:50,じぇろ,調教していけ
2022-04-15 22:20:50,LIM,いっぱい抗ってけ
2022-04-15 22:20:50,e,ノラくんはそのままでいいんだよ
2022-04-15 22:20:50,セラ,シャンプーが美味い
2022-04-15 22:20:52,深海生物,セバスが悪い
2022-04-15 22:20:53,かぷちー,OK
2022-04-15 22:20:57,ありす,美麗3Dでコンドーム配信してほしい
2022-04-15 22:20:57,P J,抗ったり争わなかったりしろ
2022-04-15 22:20:58,ぴの⚰️,わがった
2022-04-15 22:20:58,あるごん,仲直りしたんだ
2022-04-15 22:21:00,ウィナーズサークル,とりあえずノラ組が悪い
2022-04-15 22:21:00,もさぎ。,とめるが悪いよとめるが
2022-04-15 22:21:00,デイビット・コジマ ⚰️,ミスはある事だよ
2022-04-15 22:21:01,ばく,はいっこの話オワリ
2022-04-15 22:21:04,Nana Sato,まーたノラ組か
2022-04-15 22:21:04,めーぷる,5ちゃんでまだ対立煽りしてて草
2022-04-15 22:21:04,Misterkle「みすたくる」,狂い度が足りない
2022-04-15 22:21:07,ゆるふわノコギリ,狂ってる？それ、誉め言葉ね
2022-04-15 22:21:08,東京皇帝☆北条恋歌,ノラ組をタンクにするにも限度はある
2022-04-15 22:21:09,野良フェンリル,で？いつヤるんですか？
2022-04-15 22:21:09,ポーヘイ,抗井出てくるぞ
2022-04-15 22:21:12,bbb aaa,ノラ組が悪い
2022-04-15 22:21:12,ニート鮭男,まぁ、初手からやらないかはイカれてるよ笑笑
2022-04-15 22:21:12,名無し,これが釣り配信
2022-04-15 22:21:14,アライラ,シャンプーだけにもう水に流すか・・・
2022-04-15 22:21:14,デイビット・コジマ ⚰️,糧にしていこうぜ
2022-04-15 22:21:15,test,釣られたわ
2022-04-15 22:21:18,ダンサンブル伊藤,つぎは何で内紛する？今度は参加したい
2022-04-15 22:21:18,宇津田詩瑙,なまほしちゃんも悪かったよ
2022-04-15 22:21:18,藤泉山茶花,釣られて当たり前だろ！
2022-04-15 22:21:18,ホシキノコ,６のネイティブ発音でしょ？
2022-04-15 22:21:21,はぐぅ,オフコラボまってます
2022-04-15 22:21:21,じぇろ,シャンプーだけに水に流して・・
2022-04-15 22:21:21,さすけ,たすかる
2022-04-15 22:21:23,カット,あーまたノラ組か
2022-04-15 22:21:23,33 foxes,だって前科あるし
2022-04-15 22:21:24,にょにょ,セッセセ見て来たんですけど……:red_exclamation_mark:
2022-04-15 22:21:25,龍太,教育してくれると聞いて
2022-04-15 22:21:26,サカ,どっちのシャンプーも美味しいでいいよね
2022-04-15 22:21:26,ごっしー,仲直りエチや
2022-04-15 22:21:27,むなやけ六郎,性教育配信ですか？
2022-04-15 22:21:28,田所浩二,バウンシアなら許された
2022-04-15 22:21:30,ジョン,悪評は任せろ
2022-04-15 22:21:31,O.J.I.,のら？
2022-04-15 22:21:31,名無しめん,まあしゃーないね
2022-04-15 22:21:32,夏マロ,こんあらー
2022-04-15 22:21:33,mori gen,釣られた初見
2022-04-15 22:21:33,ありす,抗井君さあ
2022-04-15 22:21:33,平賀源内,これは詫びガチャやろなぁ
2022-04-15 22:21:33,もさぎ。,あらーら
2022-04-15 22:21:34,KJ,釣られたクマー
2022-04-15 22:21:41,さすけ,抗井ノラすき
2022-04-15 22:21:43,うりゃおい,エッチなことしたらストレス下がるぞ
2022-04-15 22:21:44,めーぷる,ノラ組とかいうやつらが悪いらしいよ…とんでもねえよ
2022-04-15 22:21:44,P J,まぁまぁそこははね
2022-04-15 22:21:46,山本マサオ,そのうち、ガッカリして同接減りそう
2022-04-15 22:21:47,やどかに,穴が良いノラ
2022-04-15 22:21:48,鷹彰【たかあき】,煽りたかったとしても・・・いつも本気で争ってる感じはしてないんだよね
2022-04-15 22:21:52,よもぎ ⚰️,こんのら～
2022-04-15 22:21:52,アイランド,調教してくれるんですか！？
2022-04-15 22:21:54,名無しめん,コメニーか
2022-04-15 22:21:55,みこっち,ニコニコ縛り歌枠か？
2022-04-15 22:21:56,セラ,馬鹿っぽく歌ってくれるのかい？
2022-04-15 22:21:56,li nva,調教してください
2022-04-15 22:21:56,アルくんさん,シャンプーはもうNGするとかいってたぞ
2022-04-15 22:21:59,33 foxes,叔父のら待ってる
2022-04-15 22:22:00,はましゅう,サムネさぎ？
2022-04-15 22:22:00,・。・,そのまま歌う流れじゃないのか
2022-04-15 22:22:02,ヤマ,だから同説多めなのか
2022-04-15 22:22:03,ありす,詫びゴムしろ
2022-04-15 22:22:04,平賀源内,抗井ノラすこ！
2022-04-15 22:22:05,デイビット・コジマ ⚰️,ゴメン
2022-04-15 22:22:08,はぐぅ,セックスマシンガンズとか歌おうか
2022-04-15 22:22:09,なまほしちゃん,事後中田氏報告ってマジ？
2022-04-15 22:22:14,ソニアマスター,楽しみにしてなのに歌...
2022-04-15 22:22:14,アライラ,朕が登場しそうなBGMだな
2022-04-15 22:22:16,名無しめん,なまほしちゃん
2022-04-15 22:22:18,ダンサンブル伊藤,とりあえず謝罪しろ！
2022-04-15 22:22:19,デイビット・コジマ ⚰️,確認したんだけどな
2022-04-15 22:22:23,山本マサオ,なまほしちゃん！？
2022-04-15 22:22:23,寝る寝る寝るね,こんのらーー
2022-04-15 22:22:25,めーぷる,ゴムはしたりしなかったりしろ
2022-04-15 22:22:26,カット,なまだしちゃん
2022-04-15 22:22:27,クロヘビ局長,やっぱりゴムして無かったんか！
2022-04-15 22:22:27,けそ（けそ）,草
2022-04-15 22:22:28,ダンサンブル伊藤,マジ
2022-04-15 22:22:29,平賀源内,大草原
2022-04-15 22:22:29,ばく,なまほしちゃん?!
2022-04-15 22:22:30,そら,なまほしいちゃんもようきとる
2022-04-15 22:22:30,林啓太,草
2022-04-15 22:22:30,みこっち,草
2022-04-15 22:22:30,宇津田詩瑙,こんなまｗ
2022-04-15 22:22:32,P J,草
2022-04-15 22:22:32,ありす,中田氏事後報告w
2022-04-15 22:22:32,takkuson,草
2022-04-15 22:22:32,サカ,草
2022-04-15 22:22:33,野良フェンリル,おいｗｗｗｗ
2022-04-15 22:22:34,シスターさん,草
2022-04-15 22:22:34,冥土,草
2022-04-15 22:22:34,YMS,怒られろ
2022-04-15 22:22:35,鴫野放出,草
2022-04-15 22:22:35,藤泉山茶花,なまほしさん！？
2022-04-15 22:22:36,Misterkle「みすたくる」,BaN!?
2022-04-15 22:22:37,SOLO BADGUY,草
2022-04-15 22:22:37,うさちゃん,ww
2022-04-15 22:22:37,ヤマ,遅かったかー
2022-04-15 22:22:37,344万の男　※カウントダウン12,事後かぁ…
2022-04-15 22:22:38,ありす,なかだしちゃん！？
2022-04-15 22:22:38,タイメシおむすび,ようみとる
2022-04-15 22:22:38,⁂みのる⁂,草
2022-04-15 22:22:39,O.J.I.,字面が酷いw
2022-04-15 22:22:39,いっち,草
2022-04-15 22:22:39,高橋右手,最低ｗ
2022-04-15 22:22:41,夏マロ,なかだしちゃん！？
2022-04-15 22:22:42,あにまっち_ボカロ曲あるよ,なかだしちゃんもよう見とる
2022-04-15 22:22:42,P J,なまほしちゃ！
2022-04-15 22:22:43,カンナカムイ,草
2022-04-15 22:22:44,めーぷる,なまほしいちゃん！？
2022-04-15 22:22:44,アイランド,いいぞいいぞ！
2022-04-15 22:22:45,名無し,草
2022-04-15 22:22:45,ガンテル,な〇〇しちゃん
2022-04-15 22:22:45,ジョン,ピル貰いに走れ
2022-04-15 22:22:47,ダンサンブル伊藤,キレよう
2022-04-15 22:22:47,しまとじ,中田氏ちゃん！？
2022-04-15 22:22:47,takkuson,ちゃんと認知して
2022-04-15 22:22:49,ニート鮭男,もっとイカれて下さい。応援してます。
2022-04-15 22:22:50,シズレ,草
2022-04-15 22:22:50,宇津田詩瑙,なまほしいちゃんｗ
2022-04-15 22:22:50,ぴの⚰️,草
2022-04-15 22:22:51,たなかいちろう,中田氏したの
2022-04-15 22:22:51,げきちん,生ほしいちゃん
2022-04-15 22:22:51,いつか,草
2022-04-15 22:22:51,ぱきら,あーあ
2022-04-15 22:22:51,デイビット・コジマ ⚰️,草
2022-04-15 22:22:52,よもぎ ⚰️,なんやこの配信
2022-04-15 22:22:53,ポンジュ,出した後に報告しちゃった
2022-04-15 22:22:54,ヨツカド,出した後に言うな
2022-04-15 22:22:54,さすけ,最低すぎるんだよな
2022-04-15 22:22:54,Nana Sato,なかだしちゃん…
2022-04-15 22:22:55,ミスターゲドウ,中出氏事後報告はクズ男ムーブで草
2022-04-15 22:22:56,山本マサオ,最悪な単語だよwwww
2022-04-15 22:22:56,セラ,最低だぁ
2022-04-15 22:22:57,runawk,汚いコラボだなぁ
2022-04-15 22:22:57,デイビット・コジマ ⚰️,ひどいなそれは
2022-04-15 22:22:57,めーぷる,みるく！中で！
2022-04-15 22:22:58,みこっち,AVの見過ぎ
2022-04-15 22:23:00,もさぎ。,リクエストです。くるみぽんちお歌ってください
2022-04-15 22:23:00,名無し,な◯◯しちゃん
2022-04-15 22:23:01,むなやけ六郎,あるある
2022-04-15 22:23:02,33 foxes,遊んでんねー
2022-04-15 22:23:03,roll,なまほしいちゃんはホントに草
2022-04-15 22:23:04,a m,とんでもねぇゲスムーブで草
2022-04-15 22:23:04,完全剛体リジッド,無責任ｗ
2022-04-15 22:23:04,takkuson,アフターピルちゃんのますんだぞ
2022-04-15 22:23:04,寝る寝る寝るね,サイテーだわw
2022-04-15 22:23:04,ばく,よくあるシチュ
2022-04-15 22:23:05,じぇろ,同意があっても駄目なんだぞ
2022-04-15 22:23:05,東京皇帝☆北条恋歌,なまほしいちゃん
2022-04-15 22:23:06,ニート鮭男,AVかよ笑笑
2022-04-15 22:23:06,ハナマル,何の話ですか！？
2022-04-15 22:23:06,ポーヘイ,最低だなノラ君！
2022-04-15 22:23:08,IROTEC,避妊しろ
2022-04-15 22:23:08,藤泉山茶花,FC2の素人ものでよくあるやつ
2022-04-15 22:23:08,ウィナーズサークル,中田氏ノラさん！？
2022-04-15 22:23:09,ヤマ,なまほしいちゃんもようみとる
2022-04-15 22:23:11,アル晴れ,見切り発車
2022-04-15 22:23:12,フライdoペンギン,avみたい
2022-04-15 22:23:12,たっつん,なんやこれ
2022-04-15 22:23:16,アライラ,責任取って結婚するしかないな
2022-04-15 22:23:17,しまとじ,草
2022-04-15 22:23:17,P J,マナーなってねぇで草
2022-04-15 22:23:17,デイビット・コジマ ⚰️,最低スギル
2022-04-15 22:23:18,クロヘビ局長,ゴムしろって話や
2022-04-15 22:23:19,めーぷる,汚い配信だなー
2022-04-15 22:23:21,LIM,責任取って
2022-04-15 22:23:22,あにまっち_ボカロ曲あるよ,ホモビ同時視聴枠はここですか？
2022-04-15 22:23:22,黒子,なまほしいちゃんは怒られろｗ
2022-04-15 22:23:22,よもぎ ⚰️,ひどいなぁ…
2022-04-15 22:23:23,ヤマ,さいあくｗ
2022-04-15 22:23:23,ありす,出す前に言え
2022-04-15 22:23:24,Black Joker,それ聞かれてokするやついるのか
2022-04-15 22:23:24,ばく,www
2022-04-15 22:23:25,名無し,喧嘩始まったか
2022-04-15 22:23:25,けそ（けそ）,ひどくて草
2022-04-15 22:23:25,平賀源内,はやすぎやろ
2022-04-15 22:23:27,IROTEC,いやいや　ちゃんと避妊してもろて
2022-04-15 22:23:28,たっつん,ノラ君最低！
2022-04-15 22:23:28,林啓太,のらーらサイテーー！！
2022-04-15 22:23:30,アジぺんぎん,頭沸いてる？
2022-04-15 22:23:31,にゃっき,ゴムに抗う
2022-04-15 22:23:31,パストラミビーフ,ひどい
2022-04-15 22:23:32,ジョン,どんどん中に出していって欲しい
2022-04-15 22:23:33,Kazami,ええ。。
2022-04-15 22:23:33,Misterkle「みすたくる」,だからゴムが届けられるのか
2022-04-15 22:23:34,バランガアラド,なんの話してんの？
2022-04-15 22:23:35,ホシキノコ,ピル飲んでるから大丈夫！って言おう
2022-04-15 22:23:37,サラダにょー,セックスもマナーぞ
2022-04-15 22:23:38,じぇろ,アフターピルくらい買っとけ
2022-04-15 22:23:38,ばく,ゴム貰ったのに…
2022-04-15 22:23:38,はしもん,執事とは？
2022-04-15 22:23:39,やどかに,だからゴム渡されたんだな
2022-04-15 22:23:40,アル晴れ,さいてーーー
2022-04-15 22:23:43,ポンジュ,ノーマナーノーライフ
2022-04-15 22:23:43,名無しめん,マナー大事だね
2022-04-15 22:23:43,33 foxes,童貞か
2022-04-15 22:23:45,スペースアニキ,とめるの穴あきゴムのせいで・・・
2022-04-15 22:23:46,hiro m,似たり寄ったりだった
2022-04-15 22:23:47,ポーヘイ,歌コラボ！？ｗ
2022-04-15 22:23:47,ミスターゲドウ,ノラ君、エッチな事したあと背中向けて寝そう
2022-04-15 22:23:48,Nana Sato,子供欲しくないの
2022-04-15 22:23:49,むなやけ六郎,12歳だから仕方ないね
2022-04-15 22:23:49,チー釜,何おためのゴムだよ
2022-04-15 22:23:49,寝る寝る寝るね,せっくすまなー講習配信しなきゃ
2022-04-15 22:23:50,ウィナーズサークル,だからノラくんDTなんだよ
2022-04-15 22:23:50,ニート鮭男,歌コラボすんの？ノラおじはいらんよ？
2022-04-15 22:23:50,⁂みのる⁂,いろいろひどいwww
2022-04-15 22:23:52,いまおう,一人じゃおせっせできないだろ
2022-04-15 22:23:53,めーぷる,ゴムはマナーだろ
2022-04-15 22:23:53,映画ドラえもん のび太のおぱんつ大魔神,にょーり君かと思った
2022-04-15 22:23:53,ありす,挨拶とゴムと中田氏報告はちゃんとしろ
2022-04-15 22:23:54,平賀源内,ノラおじはちょっと
2022-04-15 22:23:54,冥土,歌配信(ヤラナイカ)
2022-04-15 22:23:56,O.J.I.,聞きにきたと思ったらなんか……いやいつも通りだった
2022-04-15 22:23:57,roll,一人コラボはひどい
2022-04-15 22:23:58,山本マサオ,なまほしいを産み出したノラ君は後で説教部屋行きだな
2022-04-15 22:23:58,セラ,性教育ですか？
2022-04-15 22:23:59,むーん,前戯あり？
2022-04-15 22:24:01,いよちゃん,加〇鷹から何を学んだんだ
2022-04-15 22:24:03,名無し,歌コラボ期待
2022-04-15 22:24:03,デイビット・コジマ ⚰️,無理せんでいいよ
2022-04-15 22:24:07,名無しめん,お絵かき？
2022-04-15 22:24:07,よもぎ ⚰️,配信して大丈夫なんか？
2022-04-15 22:24:07,藤泉山茶花,従井:multiply:抗井
2022-04-15 22:24:09,デイビット・コジマ ⚰️,聞きたいけどさ
2022-04-15 22:24:10,ジョン,まだ調子悪いんじゃないの？
2022-04-15 22:24:10,アル晴れ,げんきなって
2022-04-15 22:24:10,タカハシ,コーラ使おう
2022-04-15 22:24:12,roll,なんか泣いた後みたいな声がする
2022-04-15 22:24:14,鷹彰【たかあき】,セバスやさしい
2022-04-15 22:24:16,うりゃおい,セバスチャンのポカリ意味深
2022-04-15 22:24:19,じぇろ,バーバパパ新作同時視聴やろう
2022-04-15 22:24:21,きまぐれ鉛筆,のど大事にしてね良い声なんだし
2022-04-15 22:24:26,逆さまつげ,ノラーラ！！直腸内(なか)に出すぞ！！
2022-04-15 22:24:26,めーぷる,体調無理せんでー
2022-04-15 22:24:28,ダンサンブル伊藤,調子悪いのか？謝罪しろ
2022-04-15 22:24:30,サラダにょー,元気出た？
2022-04-15 22:24:30,ミスターゲドウ,腹痛は治ったんか？
2022-04-15 22:24:34,ばく,やりたい時にやるんだよぉ!
2022-04-15 22:24:35,けそ（けそ）,ほんとに喉だいじょうぶ？
2022-04-15 22:24:37,デイビット・コジマ ⚰️,うんうん
2022-04-15 22:24:37,山本マサオ,コンギョ歌って
2022-04-15 22:24:39,33 foxes,曲変える?
2022-04-15 22:24:44,名無しめん,配信すきだな、たしかに
2022-04-15 22:24:46,タイメシおむすび,体調だいじょぶなん？
2022-04-15 22:24:47,ミスターゲドウ,ラブソング縛りで
2022-04-15 22:24:48,めーぷる,縛り？
2022-04-15 22:24:49,高橋右手,金太の大冒険？
2022-04-15 22:24:50,みこっち,ニコニコ縛り
2022-04-15 22:24:51,田所浩二,バーバパパ縛り
2022-04-15 22:24:52,東京皇帝☆北条恋歌,変態縛り
2022-04-15 22:24:52,ポーヘイ,スッキリしたみたいならよかったよ
2022-04-15 22:24:52,いよちゃん,ニコ動
2022-04-15 22:24:54,W Ken,寒暖差エグいからね
2022-04-15 22:24:54,さだぴピロピロ,亀縛り
2022-04-15 22:24:55,んじぴー,山下達郎しばり
2022-04-15 22:24:55,きまぐれ鉛筆,清楚しばりで
2022-04-15 22:24:56,やどかに,シャンプー縛り
2022-04-15 22:24:56,さあ,アイドル
2022-04-15 22:24:56,サラダにょー,バラードしっとり
2022-04-15 22:24:58,よもぎ ⚰️,そうか
2022-04-15 22:24:58,平賀源内,亀甲縛り？
2022-04-15 22:24:58,セラ,亀甲縛りで、、
2022-04-15 22:24:58,アル晴れ,縛り、えっど
2022-04-15 22:24:59,takkuson,下ネタソング縛りで
2022-04-15 22:24:59,ダンサンブル伊藤,セルフ縛り
2022-04-15 22:25:00,名無しめん,縛りか
2022-04-15 22:25:00,3232qeq,きかせろ
2022-04-15 22:25:00,チー釜,亀甲縛り
2022-04-15 22:25:01,もさぎ。,ニコニコ縛り
2022-04-15 22:25:03,IROTEC,親ガチャ回避レース
2022-04-15 22:25:04,あにまっち_ボカロ曲あるよ,ジャニーズ縛り
2022-04-15 22:25:06,デイビット・コジマ ⚰️,何歌うんか？
2022-04-15 22:25:06,バリキオス,バーバパパ縛りでしょ
2022-04-15 22:25:07,P J,みんないい意味で優しいは
2022-04-15 22:25:07,冥土,亀甲縛りで
2022-04-15 22:25:08,名無し,亀甲縛り
2022-04-15 22:25:08,めーぷる,急に刺すじゃん
2022-04-15 22:25:12,bbb aaa,シャンプー縛りいいね
2022-04-15 22:25:12,アル晴れ,ん？？？
2022-04-15 22:25:13,Gen,らんま?
2022-04-15 22:25:13,いよちゃん,菱縄縛り
2022-04-15 22:25:13,どぅー / Do. 3DCG - ch,生絞り
2022-04-15 22:25:14,山本マサオ,加湿器に水入れた？
2022-04-15 22:25:15,がお.,失恋ソングしばり
2022-04-15 22:25:15,ガンテル,なまほしちゃんが配信で歌った曲縛り
2022-04-15 22:25:15,萌木誠,らんま？
2022-04-15 22:25:19,ダンサンブル伊藤,シャンシャンシャンシャン
2022-04-15 22:25:19,七宝,口ハンカチで縛って
2022-04-15 22:25:20,いつか,草
2022-04-15 22:25:20,ポーヘイ,ミリしらで歌ってみるかい？
2022-04-15 22:25:20,アイランド,卒業縛り
2022-04-15 22:25:20,ぱきら,英語
2022-04-15 22:25:21,高橋右手,香水
2022-04-15 22:25:21,ありす,ゴム縛り
2022-04-15 22:25:22,ウィナーズサークル,ワニとシャンプーしかしらんけど
2022-04-15 22:25:23,344万の男　※カウントダウン12,2022人気ランキング縛り
2022-04-15 22:25:23,そら,back numberの幸せを歌って欲しい…
2022-04-15 22:25:24,やどかに,乃木坂にあるよ
2022-04-15 22:25:24,ばく,なっつ
2022-04-15 22:25:25,街乗りCZ4A,ヒルクライムにあるぞ
2022-04-15 22:25:27,W Ken,ひ
2022-04-15 22:25:27,デイビット・コジマ ⚰️,ガンダム縛り
2022-04-15 22:25:27,ミスターゲドウ,逆によくらんま知ってるな
2022-04-15 22:25:28,逆さまつげ,やっぱコンギョでしょ
2022-04-15 22:25:28,むーん,ニコニコメドレーしばり
2022-04-15 22:25:31,めーぷる,野生のみこちがおるな
2022-04-15 22:25:31,セラ,らんまってなに？
2022-04-15 22:25:32,ハナマル,うっちゃんのほうが好き
2022-04-15 22:25:33,寝る寝る寝るね,金縛り
2022-04-15 22:25:34,あかつき,縛りを縛ろう
2022-04-15 22:25:35,さすけ,ミュートたすからない
2022-04-15 22:25:35,バイス ブラック,恋のメリーゴーランド歌ってくれ
2022-04-15 22:25:37,デイビット・コジマ ⚰️,ガンダム縛り
2022-04-15 22:25:37,名無しめん,ハサウェイか
2022-04-15 22:25:40,ダンサンブル伊藤,ところでシャンプーの話だけどさ
2022-04-15 22:25:43,アイランド,コンギョ縛りw
2022-04-15 22:25:43,カルダリ,みんなのうた　縛り
2022-04-15 22:25:43,けそ（けそ）,ミュートは助からない
2022-04-15 22:25:44,アル晴れ,国家
2022-04-15 22:25:44,むなやけ六郎,らんま助かる
2022-04-15 22:25:44,がお.,桜しばり
2022-04-15 22:25:44,柳井もぶ,なまほしばり
2022-04-15 22:25:45,ごっしー,最近失恋したので失恋ソング聴きたい
2022-04-15 22:25:45,じぇろ,花王メリットシャンプーの歌ってのがあるぞ
2022-04-15 22:25:46,めーぷる,おいでシャンプーしか思いつかん
2022-04-15 22:25:47,カナガタ_セッサク中,Shampoo 知らない？
2022-04-15 22:25:51,ジョン,SK-2のCMに流れてた曲縛り
2022-04-15 22:25:57,んじぴー,2000年代縛り
2022-04-15 22:25:57,さいおうが旨っ,ワニとシャンプー
2022-04-15 22:25:57,めーぷる,閃光のハサウェイみろ
2022-04-15 22:25:59,P J,閃光歌おう
2022-04-15 22:26:00,バランガアラド,とめるに世話になったしコンギョ歌うか！
2022-04-15 22:26:00,Gen,口にした？
2022-04-15 22:26:00,うりゃおい,ニコニコしばりでいけ
2022-04-15 22:26:01,ポーヘイ,ティモテ歌え
2022-04-15 22:26:01,ダンサンブル伊藤,ガンダムのモノマネして
2022-04-15 22:26:04,逆さまつげ,マキシマムザホルモン縛りで
2022-04-15 22:26:04,そら,失恋ソングほんと聴きたい
2022-04-15 22:26:05,ニート鮭男,ニコニコ縛りで行こう笑う
2022-04-15 22:26:07,ハナマル,ノラ組に反省を促すダンスして
2022-04-15 22:26:07,ウィナーズサークル,まずは君が代から始めてくれ
2022-04-15 22:26:07,デイビット・コジマ ⚰️,ノラ君の好きな歌縛り
2022-04-15 22:26:08,あにまっち_ボカロ曲あるよ,TSUBAKIのCMソング縛り
2022-04-15 22:26:09,フライdoペンギン,あかねよりシャンプーよのう
2022-04-15 22:26:10,名無し,昭和縛り
2022-04-15 22:26:13,IROTEC,国歌歌って♡
2022-04-15 22:26:16,鴫野放出,とりあえずサクラサクミライコイユメ歌う？
2022-04-15 22:26:18,タイメシおむすび,エヴァ縛りとか？？
2022-04-15 22:26:22,ポーヘイ,閃光はマジで歌って欲しい
2022-04-15 22:26:23,さあ,ノラくん何聴くの？
2022-04-15 22:26:23,よもぎ ⚰️,懐メロ縛り
2022-04-15 22:26:25,P J,対立煽りに反省促してけ
2022-04-15 22:26:26,ジョン,壊してくれ
2022-04-15 22:26:28,鯰人「なまんちゅ」,初恋とか？
2022-04-15 22:26:29,むーん,合唱曲しばり
2022-04-15 22:26:30,S!NK,こんのらー
2022-04-15 22:26:30,takkuson,愛のかたまりね
2022-04-15 22:26:33,ダンサンブル伊藤,シャンプーのＣＭソングいいね
2022-04-15 22:26:34,アル晴れ,草
2022-04-15 22:26:34,めーぷる,国家って鳥の歌か？
2022-04-15 22:26:36,そら,Möbius歌って欲しい
2022-04-15 22:26:38,ばく,BGMもバラードっぽいし
2022-04-15 22:26:40,344万の男　※カウントダウン12,愛のかたまり？
2022-04-15 22:26:41,なっとうまき,リア友縛り
2022-04-15 22:26:45,月代八朔(はっさく),リスナーの人か
2022-04-15 22:26:45,山本マサオ,なんだろ
2022-04-15 22:26:45,名無しめん,ハサウェイかけて踊ってほしい
2022-04-15 22:26:46,デイビット・コジマ ⚰️,うん？
2022-04-15 22:26:49,瀬名いずる,こんのら
2022-04-15 22:26:50,IROTEC,ゴム無し生放送
2022-04-15 22:26:51,よもぎ ⚰️,ん？
2022-04-15 22:26:52,きまぐれ鉛筆,閃光はノーランドで歌ってみてほしい
2022-04-15 22:26:54,メソポン,こんのらーら
2022-04-15 22:26:54,アル晴れ,草
2022-04-15 22:26:55,名無しめん,フランス帰国子女か
2022-04-15 22:27:00,きっと誰もこない,366
2022-04-15 22:27:00,めーぷる,友達いないって話する？
2022-04-15 22:27:01,ジョン,壊してくれじゃなかったか…
2022-04-15 22:27:02,KAL,壊してくれ従井ノラ
2022-04-15 22:27:02,a m,Hワイかよ
2022-04-15 22:27:02,さあ,366日………
2022-04-15 22:27:03,ぐら,なっつ
2022-04-15 22:27:08,カナガタ_セッサク中,３６６日
2022-04-15 22:27:09,ニート鮭男,普通にいい歌で草
2022-04-15 22:27:09,うりゃおい,流れ変わったな
2022-04-15 22:27:10,P J,おぉ？
2022-04-15 22:27:11,どぅー / Do. 3DCG - ch,失恋ソングで草
2022-04-15 22:27:11,さすけ,わからんかも
2022-04-15 22:27:12,いっち,おー
2022-04-15 22:27:13,バランガアラド,なっつ
2022-04-15 22:27:13,ダンサンブル伊藤,ヒワイ？
2022-04-15 22:27:14,ウィナーズサークル,壊してからは草
2022-04-15 22:27:16,ハナマル,リア充爆発しろ
2022-04-15 22:27:17,山本マサオ,壊しちゃう
2022-04-15 22:27:19,ばく,普通にいい歌
2022-04-15 22:27:20,あかんすこ,366？
2022-04-15 22:27:21,寝る寝る寝るね,聞いたことならある
2022-04-15 22:27:22,よもぎ ⚰️,あー
2022-04-15 22:27:22,344万の男　※カウントダウン12,お～！
2022-04-15 22:27:22,ありす,懐かしすぎだろ
2022-04-15 22:27:23,タイメシおむすび,ＨＹだ！
2022-04-15 22:27:25,ヤマ,；；
2022-04-15 22:27:25,めーぷる,清楚な歌声だ
2022-04-15 22:27:27,鯰人「なまんちゅ」,懐かしいな
2022-04-15 22:27:28,takkuson,hyか
2022-04-15 22:27:28,じぇろ,HYは男のほうが歌ってる曲のほうが好き
2022-04-15 22:27:30,ポンジュ,なつかしい
2022-04-15 22:27:31,アル晴れ,ええやん
2022-04-15 22:27:33,344万の男　※カウントダウン12,めっちゃええな
2022-04-15 22:27:32,⁂みのる⁂,あー
2022-04-15 22:27:34,きまぐれ鉛筆,知らないけど良い旋律
2022-04-15 22:27:34,みこっち,普通の曲だ
2022-04-15 22:27:35,ポーヘイ,泣く
2022-04-15 22:27:38,デイビット・コジマ ⚰️,なんの曲だったかな
2022-04-15 22:27:38,フライdoペンギン,カラオケかよ
2022-04-15 22:27:38,はましゅう,分かんないや
2022-04-15 22:27:41,takkuson,naoverのほおうね
2022-04-15 22:27:42,てすらときゃすたあ_Tsrtcaster,なにこれエンディングですか？？？
2022-04-15 22:27:42,めーぷる,声は清掃なのになんで中身は…
2022-04-15 22:27:42,天豪,HYいいね
2022-04-15 22:27:43,デイビット・コジマ ⚰️,いいな
2022-04-15 22:27:44,名無しめん,きれいなノラくん
2022-04-15 22:27:47,LIM,なぜか男友達と映画見たんだよな。。
2022-04-15 22:27:49,ばく,しみるね
2022-04-15 22:27:52,バランガアラド,中学の時聞きまくった
2022-04-15 22:27:54,デイビット・コジマ ⚰️,ノラ君の歌声はいいな
2022-04-15 22:28:01,eva,:musical_notes::musical_notes::musical_notes::musical_notes::musical_notes:
2022-04-15 22:28:01,東京皇帝☆北条恋歌,歌声「は」
2022-04-15 22:28:05,セラ,卒業おめでとう御座います、
2022-04-15 22:28:09,かぷちー,最初からクライマックスやん
2022-04-15 22:28:09,めーぷる,声と下ネタにスキル全振りした女
2022-04-15 22:28:10,eva,おはようノラ:milky_way:
2022-04-15 22:28:11,ダンサンブル伊藤,Ｈ（卑）Ｙ（猥）
2022-04-15 22:28:11,ニート鮭男,歌声はマジでいいな！
2022-04-15 22:28:16,山本マサオ,んーライブ？
2022-04-15 22:28:16,えるみな,のらくん卒業するん＞
2022-04-15 22:28:18,えるみな,？
2022-04-15 22:28:20,takkuson,ほんと声はいいな
2022-04-15 22:28:20,ぱきら,セッセセという歌枠
2022-04-15 22:28:22,デイビット・コジマ ⚰️,いいな、
2022-04-15 22:28:26,たいらのどか,声は良い
2022-04-15 22:28:26,IROTEC,深層組soo good…
2022-04-15 22:28:31,めーぷる,歌声きれいすぎて草
2022-04-15 22:28:33,V-MAX,いいー
2022-04-15 22:28:38,ばく,ホロライブじゃん
2022-04-15 22:28:38,3232qeq,清楚
2022-04-15 22:28:42,さすけ,:baguette_bread::baguette_bread::baguette_bread::baguette_bread::baguette_bread::baguette_bread::baguette_bread:
2022-04-15 22:28:42,デイビット・コジマ ⚰️,:thumbs_up:
2022-04-15 22:28:43,eva,:two_hearts::two_hearts::two_hearts::two_hearts::two_hearts::two_hearts:
2022-04-15 22:28:43,パストラミビーフ,まるで清楚
2022-04-15 22:28:47,ニート鮭男,歌は清楚！
2022-04-15 22:28:48,やどかに,なつい
2022-04-15 22:28:48,ume,清廉
2022-04-15 22:28:51,寝る寝る寝るね,アイドルのらーら
2022-04-15 22:28:51,名無しめん,きれいなアイドルか
2022-04-15 22:28:52,山本マサオ,前より上手くなってて草
2022-04-15 22:28:53,めーぷる,これがホロライブちゃんですか？
2022-04-15 22:28:53,うりゃおい,メンヘラの歌ではないよ
2022-04-15 22:28:56,takkuson,！？
2022-04-15 22:28:56,eva,:coffin::coffin::coffin::coffin::coffin:
2022-04-15 22:28:57,フライdoペンギン,うそつくな
2022-04-15 22:28:58,たんぽぽちゃん🍡🍘,はじめましてこんばんはこんばんはこんばんははじめまして
2022-04-15 22:29:00,伝説のタニシ,こんばんはああああああああああああああああああああああああ
2022-04-15 22:29:01,タイメシおむすび,きれいやな。
2022-04-15 22:29:06,li nva,なまほしちゃんと歌コラボ待ってます
2022-04-15 22:29:08,眠いみいくん,サムネとの落差で頭痛起こしたわ
2022-04-15 22:29:08,名無しめん,ガチ恋用か
2022-04-15 22:29:08,eva,:musical_notes::coffin::musical_notes::coffin::musical_notes::coffin::musical_notes:
2022-04-15 22:29:11,山本マサオ,うん？ホロライブかな？
2022-04-15 22:29:14,たいらのどか,歌声だけはホロライブ
2022-04-15 22:29:21,よもぎ ⚰️,:coffin::musical_note::coffin::musical_note::coffin::musical_note::coffin:
2022-04-15 22:29:25,IROTEC,真面目な歌配信
2022-04-15 22:29:27,あさつき,タイトル見てきたけど、思ったより綺麗な配信だった
2022-04-15 22:29:29,⁂みのる⁂,キレイな声してんねぇ
2022-04-15 22:29:31,平賀源内,声が良い、
2022-04-15 22:29:40,山本マサオ,タイトルは深層組
2022-04-15 22:29:43,レンたろう,歌声だけはホロライブだなお前な
2022-04-15 22:29:43,bbb aaa,忠子ライブいいね
2022-04-15 22:29:47,ばく,:musical_notes::coffin::musical_notes::coffin::musical_notes::coffin::musical_notes:
2022-04-15 22:29:48,IROTEC,汚い配信枠から綺麗な歌声
2022-04-15 22:29:49,めーぷる,声は良いねー
2022-04-15 22:29:50,眠いみいくん,高校生の頃、この曲が目覚ましになってたのを思い出したわ。
2022-04-15 22:29:50,デイビット・コジマ ⚰️,:coffin:♪:coffin:♪:coffin:
2022-04-15 22:29:51,シスターさん,よいものだ
2022-04-15 22:29:53,344万の男　※カウントダウン12,いいっすね～
2022-04-15 22:29:54,takkuson,セッセセ（意味深）やん
2022-04-15 22:29:56,よもぎ ⚰️,いい声やな
2022-04-15 22:29:58,セラ,タイトル見てきた人困惑するだろうな〜
2022-04-15 22:29:59,デイビット・コジマ ⚰️,:coffin:♪:coffin:♪:coffin:思い出した
2022-04-15 22:30:00,ポンジュ,次はaikoのカブトムシ　かな？
2022-04-15 22:30:03,ニート鮭男,別世界線のノラ君かこれもしかしたら
2022-04-15 22:30:06,めーぷる,汚いトークからきれいな歌声
2022-04-15 22:30:07,eva,:musical_notes::ghost::coffin::musical_notes::ghost::coffin::musical_notes:
2022-04-15 22:30:08,P J,イイね
2022-04-15 22:30:09,チー釜,サムネに対して内容があまりにも綺麗
2022-04-15 22:30:12,山本マサオ,これがセック◯なんやなあ
2022-04-15 22:30:15,龍太,タイトル詐欺とはこれか…
2022-04-15 22:30:16,うりゃおい,14年前の曲か
2022-04-15 22:30:16,ココロオレル,シャンプーよりよほど燃えそうなタイトルで草
2022-04-15 22:30:19,V-MAX,ｗｗｗ
2022-04-15 22:30:19,よもぎ ⚰️,忘れたｗ
2022-04-15 22:30:20,アルくんさん,きれいなノラくん
2022-04-15 22:30:20,冥土,油断してると突然来るぞ
2022-04-15 22:30:23,あるごん,ｷｭｯwｷｭｯwｷｭｯw
2022-04-15 22:30:23,さすけ,おしいww
2022-04-15 22:30:23,切',:musical_notes::musical_note::musical_notes::musical_note::musical_notes:
2022-04-15 22:30:24,なっとうまき,草
2022-04-15 22:30:25,YMS,草
2022-04-15 22:30:25,あさつき,一瞬戻ってきた
2022-04-15 22:30:26,ジョン,草
2022-04-15 22:30:26,ウィナーズサークル,は？？？？？
2022-04-15 22:30:26,眠いみいくん,「なーんて」くっそ高いよな
2022-04-15 22:30:28,けそ（けそ）,い　つ　も　の
2022-04-15 22:30:28,田所浩二,ぴゃー！
2022-04-15 22:30:28,みこっち,タイトルとの格差が凄い
2022-04-15 22:30:29,ぱきら,かわいいじゃん
2022-04-15 22:30:29,344万の男　※カウントダウン12,ナーーーー！！
2022-04-15 22:30:30,ばく,??????
2022-04-15 22:30:31,えだ,どうしたw
2022-04-15 22:30:32,冥土,草
2022-04-15 22:30:34,ポンジュ,草
2022-04-15 22:30:35,たいらのどか,草
2022-04-15 22:30:36,めーぷる,身構えてるときに来るタイプの死神
2022-04-15 22:30:37,名無しめん,ノラくんでた
2022-04-15 22:30:38,K_D_F,?
2022-04-15 22:30:39,デイビット・コジマ ⚰️,何がツボったんだ？ｗｗ
2022-04-15 22:30:39,レンたろう,皿磨かないで
2022-04-15 22:30:41,いっち,:coffin::musical_notes::coffin::musical_notes::coffin::musical_notes:
2022-04-15 22:30:41,いつか,もだえるなw
2022-04-15 22:30:41,IROTEC,カラオケのノリで草
2022-04-15 22:30:42,もさぎ。,あるあるw
2022-04-15 22:30:42,YMS,台無しにしていく！
2022-04-15 22:30:42,名無し,草
2022-04-15 22:30:44,ウィナーズサークル,オタクあるある:Cメロが歌えない
2022-04-15 22:30:45,うりゃおい,逃げるな
2022-04-15 22:30:48,たいらのどか,これはボロライブ
2022-04-15 22:30:49,takkuson,ちちゅーらに怒られて
2022-04-15 22:30:49,がお.,なあ:right_arrow_curving_up:︎:right_arrow_curving_up:www
2022-04-15 22:30:51,ばく,わからんのかい!!!!!
2022-04-15 22:30:51,shuiiij(しゅいじ),カラオケあるある
2022-04-15 22:30:53,よもぎ ⚰️,草
2022-04-15 22:30:56,レンたろう,カラオケかな
2022-04-15 22:30:58,寝る寝る寝るね,やっぱボロライブだわ
2022-04-15 22:30:58,デイビット・コジマ ⚰️,分る
2022-04-15 22:30:59,ばく,あるね
2022-04-15 22:30:59,eva,あるね
2022-04-15 22:31:00,どぅー / Do. 3DCG - ch,よくある
2022-04-15 22:31:00,山本マサオ,諦めるなよ！
2022-04-15 22:31:01,きまぐれ鉛筆,急にボロ出て草
2022-04-15 22:31:02,やどかに,hy
2022-04-15 22:31:03,東京皇帝☆北条恋歌,あるある
2022-04-15 22:31:03,フライdoペンギン,妖怪皿磨き
2022-04-15 22:31:05,名無しめん,ボロがでたか
2022-04-15 22:31:06,デイビット・コジマ ⚰️,いいねぇ
2022-04-15 22:31:07,ココロオレル,w
2022-04-15 22:31:09,やさい,ある
2022-04-15 22:31:10,レンたろう,お前ら飲み物何にする？
2022-04-15 22:31:12,ばく,:musical_notes::coffin::musical_notes::coffin::musical_notes::coffin::musical_notes:
2022-04-15 22:31:13,めーぷる,ボロライブですか？
2022-04-15 22:31:13,ダンサンブル伊藤,ボロライブ
2022-04-15 22:31:15,冥土,ボロライブだからな
2022-04-15 22:31:16,あさつき,綺麗な声戻ってきた
2022-04-15 22:31:17,名無しめん,やはりボロライブ
2022-04-15 22:31:18,ニート鮭男,サビはやっぱり素晴らしい
2022-04-15 22:31:23,eva,:musical_notes::ghost::coffin::musical_notes::ghost::coffin::musical_notes:
2022-04-15 22:31:24,めーぷる,声はかわいい
2022-04-15 22:31:25,山本マサオ,トイレいくわー
2022-04-15 22:31:26,切',:musical_note::musical_notes::musical_note::musical_notes::musical_note::musical_notes:
2022-04-15 22:31:27,ポンジュ,これがボロライブ
2022-04-15 22:31:31,やさい,あるあるあなる痔ショック
2022-04-15 22:31:33,ばく,:musical_notes::coffin::musical_notes::coffin::musical_notes::coffin::musical_notes:
2022-04-15 22:31:33,ありす,ボロライブ
2022-04-15 22:31:36,なっとうまき,上手い
2022-04-15 22:31:37,めーぷる,声は清楚ですねー
2022-04-15 22:31:41,きまぐれ鉛筆,:musical_note::coffin::musical_notes::musical_note::coffin::musical_notes:
2022-04-15 22:31:44,takkuson,ほんといい曲
2022-04-15 22:31:46,田所浩二,シャンプーのドリンクバー取ってきますね
2022-04-15 22:31:49,めーぷる,この人が痔だとは思えない
2022-04-15 22:31:51,ニート鮭男,これがボロライブか
2022-04-15 22:31:57,大野祐貴,声は清楚
2022-04-15 22:32:01,デイビット・コジマ ⚰️,ほんと癒される歌声だ
2022-04-15 22:32:03,YMS,まったくいい声してる
2022-04-15 22:32:06,山本マサオ,シャンプーが撒き散らされてる
2022-04-15 22:32:08,切',:musical_notes::musical_note::full_moon::musical_notes::musical_note:
2022-04-15 22:32:09,牛乳.,いい声
2022-04-15 22:32:14,デイビット・コジマ ⚰️,酒もってこよ
2022-04-15 22:32:16,天豪,これはボロライブ
2022-04-15 22:32:17,柳井もぶ,いい声
2022-04-15 22:32:17,星狼seirou,こんのらです～
2022-04-15 22:32:19,寝る寝る寝るね,いい声いい曲
2022-04-15 22:32:20,セラ,喉大丈夫なの?
2022-04-15 22:32:21,ウィナーズサークル,薄いコーンスープ飲みながら配信見て、一緒にカラオケきた気分になっている
2022-04-15 22:32:22,ばく,:clapping_hands::clapping_hands::clapping_hands::clapping_hands::clapping_hands::clapping_hands:
2022-04-15 22:32:22,ポンジュ,:clapping_hands::clapping_hands::clapping_hands::clapping_hands::clapping_hands::clapping_hands::clapping_hands:
2022-04-15 22:32:24,ココロオレル,歌うま！
2022-04-15 22:32:27,V-MAX,:clapping_hands::clapping_hands::clapping_hands::clapping_hands::clapping_hands::clapping_hands::clapping_hands:
2022-04-15 22:32:27,みノノン,深層でノラーラ一番好きだぞ〜
2022-04-15 22:32:28,星狼seirou,素晴らしい茸！
2022-04-15 22:32:28,けそ（けそ）,:clapping_hands::clapping_hands::clapping_hands::clapping_hands:
2022-04-15 22:32:28,ニート鮭男,これで酒飲めるのはわかる
2022-04-15 22:32:28,かぷちー,:clapping_hands::clapping_hands::clapping_hands::clapping_hands::clapping_hands:
2022-04-15 22:32:28,カルダリ,:clapping_hands::clapping_hands::clapping_hands::clapping_hands::clapping_hands::clapping_hands:
2022-04-15 22:32:29,てぃろ,:clapping_hands::clapping_hands::clapping_hands::clapping_hands::clapping_hands:
2022-04-15 22:32:30,がお.,あなあ:right_arrow_curving_up:︎:right_arrow_curving_up:たのことばかり
2022-04-15 22:32:32,柳井もぶ,:clapping_hands::clapping_hands::clapping_hands::clapping_hands::clapping_hands::clapping_hands:
2022-04-15 22:32:32,林啓太,草
2022-04-15 22:32:33,P J,草
2022-04-15 22:32:33,きまぐれ鉛筆,:clapping_hands::clapping_hands::clapping_hands::clapping_hands::clapping_hands::clapping_hands:
2022-04-15 22:32:33,しまとじ,:clapping_hands::clapping_hands::clapping_hands::clapping_hands::clapping_hands:
2022-04-15 22:32:33,名無しめん,いいね
2022-04-15 22:32:33,ヨツカド,:clapping_hands::clapping_hands::clapping_hands::clapping_hands::clapping_hands::clapping_hands::clapping_hands::clapping_hands:
2022-04-15 22:32:34,344万の男　※カウントダウン12,:clapping_hands::clapping_hands::clapping_hands::clapping_hands::clapping_hands::clapping_hands::clapping_hands::clapping_hands:
2022-04-15 22:32:36,S!NK,:clapping_hands::clapping_hands::clapping_hands::clapping_hands:
2022-04-15 22:32:37,ハリネズ三太郎,愛のかたまり聞きたい
2022-04-15 22:32:37,切',:clapping_hands::clapping_hands::clapping_hands::clapping_hands::clapping_hands:
2022-04-15 22:32:39,ヤマ,ｗ
2022-04-15 22:32:39,A J,:clapping_hands::clapping_hands::clapping_hands:
2022-04-15 22:32:39,ばく,wwww
2022-04-15 22:32:40,みこっち,草
2022-04-15 22:32:40,レンたろう,ノラくんウーロンハイ注文して
2022-04-15 22:32:40,takkuson,草
2022-04-15 22:32:40,冥土,:lotion_bottle:草
2022-04-15 22:32:41,デイビット・コジマ ⚰️,草
2022-04-15 22:32:41,鯰人「なまんちゅ」,:clapping_hands::clapping_hands::clapping_hands::clapping_hands:
2022-04-15 22:32:41,ココロオレル,タイトルなにこれだよww
2022-04-15 22:32:42,寝る寝る寝るね,:clapping_hands::clapping_hands::clapping_hands::clapping_hands::clapping_hands::clapping_hands::clapping_hands:
2022-04-15 22:32:43,東京皇帝☆北条恋歌,草
2022-04-15 22:32:44,シズレ,草
2022-04-15 22:32:44,しまとじ,草
2022-04-15 22:32:44,ume,草
2022-04-15 22:32:44,アライラ,草
2022-04-15 22:32:44,アール・グレイ,:clapping_hands::clapping_hands::clapping_hands::clapping_hands::clapping_hands:
2022-04-15 22:32:45,かぷちー,草
2022-04-15 22:32:45,冥土,:clapping_hands::clapping_hands::clapping_hands::clapping_hands::clapping_hands::clapping_hands:
2022-04-15 22:32:46,パストラミビーフ,草
2022-04-15 22:32:46,ぐら,:clapping_hands::clapping_hands::clapping_hands::clapping_hands::clapping_hands::clapping_hands:
2022-04-15 22:32:46,けそ（けそ）,草
2022-04-15 22:32:47,山本マサオ,怪文書
2022-04-15 22:32:48,いつか,草
2022-04-15 22:32:48,よもぎ ⚰️,:clapping_hands::clapping_hands::clapping_hands::clapping_hands::clapping_hands::clapping_hands::clapping_hands:
2022-04-15 22:32:48,星狼seirou,晒し上げwww
2022-04-15 22:32:49,ウィナーズサークル,シャンプーで泣くのは草
2022-04-15 22:32:49,宇津田詩瑙,しみるー
2022-04-15 22:32:50,やさい,草
2022-04-15 22:32:50,shuiiij(しゅいじ),草
2022-04-15 22:32:51,どぅー / Do. 3DCG - ch,草
2022-04-15 22:32:50,なっとうまき,限界突破サバイバー
2022-04-15 22:32:51,アイランド,そんな絵文字あるん！？
2022-04-15 22:32:52,たいらのどか,草
2022-04-15 22:32:52,ポーヘイ,いい声してるから部屋で爆音で流してる
2022-04-15 22:32:53,V-MAX,固定されてるｗ
2022-04-15 22:32:53,li nva,:face_with_tears_of_joy::face_with_tears_of_joy::face_with_tears_of_joy:
2022-04-15 22:32:53,ばく,いいね
2022-04-15 22:32:55,完全剛体リジッド,シャンプーハットしてもろて
2022-04-15 22:32:56,ぱきら,声は清楚　中身は精巣
2022-04-15 22:32:58,もさぎ。,最近の歌は2番のBメロ中盤で既にアレンジかかったりするからCメロまで辿り着けないことも多い
2022-04-15 22:33:00,六五郎,いいセンス
2022-04-15 22:33:06,KAL,:virtualhug::virtualhug::virtualhug:
2022-04-15 22:33:07,ニート鮭男,:clapping_hands::clapping_hands::clapping_hands::clapping_hands::clapping_hands:
2022-04-15 22:33:09,さあ,ウーロン茶はカラオケでは良くないよ
2022-04-15 22:33:09,田所浩二,のらーら「365日虫食べます」
2022-04-15 22:33:10,名無しめん,カラオケ風味だね
2022-04-15 22:33:10,バイス ブラック,回れメリーゴーランド歌ってくれ
2022-04-15 22:33:12,しーゆー,シャンプー飲むかー
2022-04-15 22:33:12,ココロオレル,草
2022-04-15 22:33:13,スペースアニキ,最近のならドライフラワー
2022-04-15 22:33:13,みノノン,ちつ？
2022-04-15 22:33:13,デイビット・コジマ ⚰️,へぇ
2022-04-15 22:33:14,めーぷる,声だけ清楚な女
2022-04-15 22:33:14,山本マサオ,ちちゅw
2022-04-15 22:33:16,うりゃおい,14年前の曲
2022-04-15 22:33:18,ポンジュ,いい歌だね
2022-04-15 22:33:18,どぅー / Do. 3DCG - ch,失恋ソングばっかり歌う奴いるよな
2022-04-15 22:33:20,ハリネズ三太郎,愛のかたまりも歌え
2022-04-15 22:33:20,ヤマ,やっぱりちちゅか
2022-04-15 22:33:21,ウィナーズサークル,はい、ちーちゅ！
2022-04-15 22:33:21,東京皇帝☆北条恋歌,ちちゅ
2022-04-15 22:33:23,アイランド,出たちちゅ！
2022-04-15 22:33:24,さいおうが旨っ,ちちゅかわよ
2022-04-15 22:33:25,名無しめん,定番ネタか
2022-04-15 22:33:25,もさぎ。,ちちゅ、そのうち配信出ない？
2022-04-15 22:33:25,ポーヘイ,何があったのちちゅちゃん…
2022-04-15 22:33:25,冥土,毎回歌われてるのに覚えてないのかw
2022-04-15 22:33:26,ニート鮭男,爆乳音頭は？
2022-04-15 22:33:27,V-MAX,おま！？
2022-04-15 22:33:27,レンたろう,ヤバすぎて草
2022-04-15 22:33:27,みこっち,おま
2022-04-15 22:33:27,takkuson,おま！？
2022-04-15 22:33:28,ダンサンブル伊藤,フランス在住のチ・チュ
2022-04-15 22:33:29,ココロオレル,おま？
2022-04-15 22:33:30,KAL,おま？？
2022-04-15 22:33:30,よもぎ ⚰️,うーん…
2022-04-15 22:33:31,344万の男　※カウントダウン12,思い出の曲かね…
2022-04-15 22:33:32,冥土,もう手遅れだ…
2022-04-15 22:33:32,bbb aaa,:coffin:
2022-04-15 22:33:32,アイランド,ちちゅ見てるー！？
2022-04-15 22:33:32,チー釜,おい
2022-04-15 22:33:33,怪盗キッド,アウト
2022-04-15 22:33:33,名無しめん,ちちゅ
2022-04-15 22:33:33,山本マサオ,おま？
2022-04-15 22:33:35,takkuson,締まるのはおま
2022-04-15 22:33:35,ばく,ドライフラワーかレモン歌って
2022-04-15 22:33:36,あるごん,www
2022-04-15 22:33:37,たいらのどか,おま
2022-04-15 22:33:37,完全剛体リジッド,解像度が上がっていくぅ！
2022-04-15 22:33:37,名無し,おま?
2022-04-15 22:33:38,IROTEC,喉油分がごっそり持って行かれるゾ
2022-04-15 22:33:38,さすけ,はいアウト
2022-04-15 22:33:38,名無しめん,おま
2022-04-15 22:33:39,ニート鮭男,本当に君は変わらないね
2022-04-15 22:33:39,のくちち,おめこ
2022-04-15 22:33:40,めーぷる,おま…おま…
2022-04-15 22:33:41,鯰人「なまんちゅ」,おまま
2022-04-15 22:33:41,344万の男　※カウントダウン12,おまー？
2022-04-15 22:33:41,きまぐれ鉛筆,しまるのは、で手遅れだよ？
2022-04-15 22:33:41,けそ（けそ）,うーん
2022-04-15 22:33:41,えだ,ちちゅ〜
2022-04-15 22:33:41,KAL,もう無理だろ
2022-04-15 22:33:41,むなやけ六郎,オマール海老
2022-04-15 22:33:41,runawk,あぶないあぶない
2022-04-15 22:33:42,みこっち,あな
2022-04-15 22:33:43,寝る寝る寝るね,何ンコなの？
2022-04-15 22:33:43,どぅー / Do. 3DCG - ch,ちちゅってなんか…
2022-04-15 22:33:43,アール・グレイ,草
2022-04-15 22:33:43,山本マサオ,湖！？
2022-04-15 22:33:44,YMS,おま
2022-04-15 22:33:45,スプレム,なんでも反応するじゃん
2022-04-15 22:33:45,名無しめん,おまー
2022-04-15 22:33:45,ぱきら,おまっ！！
2022-04-15 22:33:46,デイビット・コジマ ⚰️,・・・？
2022-04-15 22:33:47,いーりぃ⚰️,オマ
2022-04-15 22:33:47,バイス ブラック,WURの分かってないよ歌ってくれ
2022-04-15 22:33:48,レンたろう,次誰歌う？
2022-04-15 22:33:48,ありす,締めるのはオマーン湖だけにしろ
2022-04-15 22:33:50,dokuningen,沖縄にあるやつ
2022-04-15 22:33:50,めーぷる,おま…締まる…妙だな
2022-04-15 22:33:52,アライラ,上のお口キツめてもろて
2022-04-15 22:33:53,a m,おま？
2022-04-15 22:33:53,さいおうが旨っ,自制できて偉いね～
2022-04-15 22:33:56,ぱきら,ちょｗｗおまｗｗｗ
2022-04-15 22:33:58,li nva,平常運転
2022-04-15 22:33:58,ココロオレル,どっかの大統領かな
2022-04-15 22:33:59,セラ,湖って縛れるの？
2022-04-15 22:34:00,牛乳.,アニソン歌ってほしい
2022-04-15 22:34:03,萌木誠,からあげ食べて油分補給
2022-04-15 22:34:06,eva,the forth avenue cafe
2022-04-15 22:34:06,うりゃおい,告白のらーら
2022-04-15 22:34:06,フライdoペンギン,え？振られたの？
2022-04-15 22:34:07,【公認】息根とめるがす↑き↓なんです【切り抜き】,プリテンダー
2022-04-15 22:34:08,めーぷる,カブトムシ
2022-04-15 22:34:09,よもぎ ⚰️,pretender
2022-04-15 22:34:10,ジョン,三年目の浮気
2022-04-15 22:34:11,いよちゃん,ラムのラブソング
2022-04-15 22:34:12,デイビット・コジマ ⚰️,サクラキミにエム
2022-04-15 22:34:12,runawk,サウダージ
2022-04-15 22:34:12,V-MAX,おお
2022-04-15 22:34:13,もさぎ。,こいのうた
2022-04-15 22:34:14,P J,堪能させ賜う其方の体聞きたい
2022-04-15 22:34:14,ポーヘイ,もこせん・・・
2022-04-15 22:34:14,ニート鮭男,ヒルクライムのロストラブソング
2022-04-15 22:34:15,AK,もこう
2022-04-15 22:34:16,バランガアラド,なっつ
2022-04-15 22:34:17,かぷちー,もこう
2022-04-15 22:34:17,名無しめん,なつ
2022-04-15 22:34:17,takkuson,春よ来いじゃねーか
2022-04-15 22:34:17,牛乳.,パラレルワールド！
2022-04-15 22:34:17,KAL,口笛吹け！！！！
2022-04-15 22:34:17,ありす,君のせい歌って
2022-04-15 22:34:17,タイメシおむすび,プリプリのM
2022-04-15 22:34:18,ポンジュ,aikoカブトムシ
2022-04-15 22:34:18,山本マサオ,告白のらーら
2022-04-15 22:34:19,ばく,春よこい来たぁああああ
2022-04-15 22:34:19,水猫,春よ来い！w
2022-04-15 22:34:20,ウィナーズサークル,告白ノラーラは恋愛ソングなのか
2022-04-15 22:34:20,凡人,宇多田ヒカル関連
2022-04-15 22:34:21,あさつき,選曲いいかよぉ
2022-04-15 22:34:21,sawa 55,ユーミンすきね
2022-04-15 22:34:21,げきちん,春よ来い
2022-04-15 22:34:22,3232qeq,もこもこしてきた
2022-04-15 22:34:22,むーん,さくらんぼ
2022-04-15 22:34:23,チー釜,パッと思いついたの全部アニソンで凹んだ
2022-04-15 22:34:25,切',かな－しーみの～
2022-04-15 22:34:25,V-MAX,もこうｗ
2022-04-15 22:34:26,ぱきら,くるみぽんちおとかいかんかい
2022-04-15 22:34:27,クロヘビ局長,口笛か？
2022-04-15 22:34:27,高橋右手,ルージュの伝言
2022-04-15 22:34:27,凡人,もこう！
2022-04-15 22:34:28,山本マサオ,また傾いてますよ
2022-04-15 22:34:28,名無しめん,春よか
2022-04-15 22:34:28,東京皇帝☆北条恋歌,良曲
2022-04-15 22:34:28,柳井もぶ,ズレメガネすなー
2022-04-15 22:34:28,天豪,平井大　祈り花
2022-04-15 22:34:28,takkuson,ユーミンはいいぞ
2022-04-15 22:34:28,完全剛体リジッド,口笛期待
2022-04-15 22:34:29,セラ,ワニマのいいから聞きたい
2022-04-15 22:34:29,さいおうが旨っ,藍坊主　泣いて
2022-04-15 22:34:29,フライdoペンギン,もこうかよ
2022-04-15 22:34:30,ダンサンブル伊藤,告ノラが覇権らしい
2022-04-15 22:34:30,eva,:musical_notes::smiling_face_with_sunglasses::musical_notes::smiling_face_with_sunglasses::musical_notes::smiling_face_with_sunglasses::musical_notes:
2022-04-15 22:34:31,アイランド,サングラスがカタカタしてる
2022-04-15 22:34:32,ポーヘイ,もうもこうの歌になったんだってゆゆうたが
2022-04-15 22:34:33,あるごん,"(⌒,_ゝ⌒)"
2022-04-15 22:34:34,IROTEC,安定のメガネズレ
2022-04-15 22:34:34,ありす,ww
2022-04-15 22:34:34,ポーヘイ,めっとり
2022-04-15 22:34:34,カルダリ,草
2022-04-15 22:34:34,ばく,ねっとりw
2022-04-15 22:34:34,ハナマル,爆風スランプの涙3乗
2022-04-15 22:34:36,さすけ,似せるなwww
2022-04-15 22:34:36,もさぎ。,ユーミン
2022-04-15 22:34:36,eva,サングラスずれて草
2022-04-15 22:34:37,あさつき,癖ｗｗｗｗｗｗｗ
2022-04-15 22:34:37,バランガアラド,くせが強い
2022-04-15 22:34:38,takkuson,癖つっよ
2022-04-15 22:34:38,萌木誠,あらぶるサングラス:dark_sunglasses:
2022-04-15 22:34:38,V-MAX,ｗｗｗ
2022-04-15 22:34:39,めーぷる,グラサンぐらぐらで草
2022-04-15 22:34:39,名無し,サングラスズレるの草
2022-04-15 22:34:39,Cucu Eyang,:smiling_face_with_sunglasses:
2022-04-15 22:34:40,サカ,草
2022-04-15 22:34:40,シスターさん,草
2022-04-15 22:34:40,みこっち,草
2022-04-15 22:34:40,KAL,うっといのお・・・・
2022-04-15 22:34:40,けそ（けそ）,懐かしい
2022-04-15 22:34:41,AK,口笛までやれ
2022-04-15 22:34:41,よもぎ ⚰️,チンピラ感
2022-04-15 22:34:41,きまぐれ鉛筆,誰だ
2022-04-15 22:34:41,クロヘビ局長,もこうじゃねぇか
2022-04-15 22:34:42,山本マサオ,もこう先生！！！
2022-04-15 22:34:42,eva,:musical_notes::smiling_face_with_sunglasses::musical_notes::smiling_face_with_sunglasses::musical_notes::smiling_face_with_sunglasses::musical_notes:
2022-04-15 22:34:42,タイメシおむすび,先生！
2022-04-15 22:34:42,ダンサンブル伊藤,あ
2022-04-15 22:34:43,ニート鮭男,グラサンの首長笑笑
2022-04-15 22:34:43,がお.,www
2022-04-15 22:34:43,田所浩二,淡き光立つ煮ワカメ
2022-04-15 22:34:44,ありす,もこせん
2022-04-15 22:34:45,んじぴー,グラサンくいくいーーーっ！！！
2022-04-15 22:34:45,ばく,もこう先生???!!!
2022-04-15 22:34:46,寝る寝る寝るね,急にネタ枠
2022-04-15 22:34:46,3232qeq,もこうver
2022-04-15 22:34:46,凡人,グラサン荒ぶってるぞ
2022-04-15 22:34:47,デイビット・コジマ ⚰️,ノーランド様ァアアアアああ！！
2022-04-15 22:34:47,ポーヘイ,ねっとりリスペクト
2022-04-15 22:34:47,東京皇帝☆北条恋歌,サングラスｗ
2022-04-15 22:34:48,ume,クセがすごいんじゃ
2022-04-15 22:34:51,めーぷる,グラサンくん元気だなー
2022-04-15 22:34:51,ブリズ,癖が
2022-04-15 22:34:52,V-MAX,先生！！！
2022-04-15 22:34:52,KAL,サングラスの主張よ
2022-04-15 22:34:52,アイランド,サングラスが気になるw
2022-04-15 22:34:52,みこっち,もこう版ｗ
2022-04-15 22:34:53,RYO,もこうじゃん
2022-04-15 22:34:54,ちろる,ようねちょねちょしとる
2022-04-15 22:34:54,パストラミビーフ,そんなグラサン動く
2022-04-15 22:34:55,山本マサオ,よせんなよw
2022-04-15 22:34:55,344万の男　※カウントダウン12,でも上手いwww
2022-04-15 22:34:56,やどかに,もこのノラ
2022-04-15 22:34:56,li nva,もこたん！？
2022-04-15 22:34:57,てぃろ,((:dark_sunglasses:))
2022-04-15 22:34:57,名無しめん,ものまね風味か
2022-04-15 22:34:58,shuiiij(しゅいじ),サングラスがくがくで草
2022-04-15 22:35:00,けそ（けそ）,サングラスが荒ぶってるwww
2022-04-15 22:35:01,IROTEC,ﾌﾊｯwメガネがﾋｸﾋｸしてるwwwww
2022-04-15 22:35:01,がお.,荒ぶるグラサン
2022-04-15 22:35:01,ぱきら,サングラス生きてる？
2022-04-15 22:35:02,冥土,サングラスが挙動不審w
2022-04-15 22:35:03,レンたろう,デンモクどこいった？
2022-04-15 22:35:05,さすけ,グラサンが逃げようとしてる
2022-04-15 22:35:06,アール・グレイ,サングラスガタガタで草
2022-04-15 22:35:08,ダンサンブル伊藤,演奏しろ
2022-04-15 22:35:09,めーぷる,シャムさん！？
2022-04-15 22:35:09,しまとじ,サングラス草
2022-04-15 22:35:10,ハナマル,グラサンカタカタしてふ
2022-04-15 22:35:11,バリキオス,グラサンがっくがくで草
2022-04-15 22:35:12,よもぎ ⚰️,サングラスカクカクで草
2022-04-15 22:35:12,kool,もこう！？
2022-04-15 22:35:12,ポーヘイ,ねっとり
2022-04-15 22:35:13,ばく,:musical_notes::smiling_face_with_sunglasses::musical_notes::smiling_face_with_sunglasses::musical_notes::smiling_face_with_sunglasses::musical_notes:
2022-04-15 22:35:13,アリマ,グラサンｗｗ
2022-04-15 22:35:14,あんころもち,荒ぶるサングラス
2022-04-15 22:35:15,名無しめん,サングラスあらぶる
2022-04-15 22:35:16,ジョン,グラサン酷くて草
2022-04-15 22:35:23,やどかに,オマージュってこのことね
2022-04-15 22:35:24,サカ,サングラス躍動しすぎｗ
2022-04-15 22:35:24,切',:musical_note::cherry_blossom::musical_notes::cherry_blossom::musical_notes:
2022-04-15 22:35:24,セラ,グラサンが特攻してるよ
2022-04-15 22:35:25,ハナマル,もこうの歌い方リスペクトいいゾ〜
2022-04-15 22:35:26,むなやけ六郎,うぁいを～
2022-04-15 22:35:28,さあ,クセ強い
2022-04-15 22:35:28,かぷちー,納豆ボイス
2022-04-15 22:35:28,んじぴー,二番はもちろん
2022-04-15 22:35:28,はしもん,ドリンクバー行って来るわ
2022-04-15 22:35:28,田所浩二,自我を持つサングラス
2022-04-15 22:35:31,ポーヘイ,２番くるぞ・・・・
2022-04-15 22:35:32,山本マサオ,サングラスが痙攣してるで
2022-04-15 22:35:32,きりん,:rolling_on_the_floor_laughing::rolling_on_the_floor_laughing::rolling_on_the_floor_laughing:
2022-04-15 22:35:32,冥土,サングラスが本体説あるな
2022-04-15 22:35:34,どぅー / Do. 3DCG - ch,NORA-RA
2022-04-15 22:35:34,⁂みのる⁂,うぁいのー
2022-04-15 22:35:36,んじぴー,ｗｗｗｗｗ
2022-04-15 22:35:36,デイビット・コジマ ⚰️,いいぞ！
2022-04-15 22:35:36,ポーヘイ,草
2022-04-15 22:35:37,KAL,草
2022-04-15 22:35:37,もさぎ。,タバコ吸ってくるわー
2022-04-15 22:35:37,名無しめん,ゲッタンシテル
2022-04-15 22:35:39,しまとじ,草
2022-04-15 22:35:39,takkuson,草
2022-04-15 22:35:40,ふぉくたぬ,口笛草
2022-04-15 22:35:40,かぷちー,草
2022-04-15 22:35:40,ニート鮭男,本人よりグラサンがノリノリで草
2022-04-15 22:35:41,kool,草
2022-04-15 22:35:41,やどかに,完コピwww.
2022-04-15 22:35:41,3232qeq,Suggeee
2022-04-15 22:35:42,P J,口笛助かる
2022-04-15 22:35:43,完全剛体リジッド,きたぁぁぁ！
2022-04-15 22:35:43,なー＊,草
2022-04-15 22:35:44,ばく,口笛だぁああああああ
2022-04-15 22:35:44,V-MAX,口笛助かるｗ
2022-04-15 22:35:44,よもぎ ⚰️,口開くんやなｗ
2022-04-15 22:35:45,kool,ちっさ
2022-04-15 22:35:45,きまぐれ鉛筆,！？
2022-04-15 22:35:45,クロヘビ局長,草
2022-04-15 22:35:45,さすけ,口笛きたwwwww
2022-04-15 22:35:46,けそ（けそ）,草
2022-04-15 22:35:46,ココロオレル,草
2022-04-15 22:35:47,名無しめん,サングラスがハサウェイか
2022-04-15 22:35:47,shuiiij(しゅいじ),草草草
2022-04-15 22:35:49,あさつき,草
2022-04-15 22:35:48,寝る寝る寝るね,うーんいい
2022-04-15 22:35:49,めーぷる,口笛ー
2022-04-15 22:35:49,⁂みのる⁂,草
2022-04-15 22:35:50,Cucu Eyang,うま
2022-04-15 22:35:50,名無し,草
2022-04-15 22:35:51,じゃもじゃも,草
2022-04-15 22:35:51,デイビット・コジマ ⚰️,グラサンがずれてるな
2022-04-15 22:35:53,RYO,口笛ww
2022-04-15 22:35:54,ハナマル,完コピで草
2022-04-15 22:35:55,アリマ,うまくて草
2022-04-15 22:35:55,ぱきら,全然低音出てなくて草
2022-04-15 22:35:56,ニート鮭男,ダースベーダーで草
2022-04-15 22:35:56,めーぷる,アレンジの癖がつよい
2022-04-15 22:35:57,雄,口笛も再現w
2022-04-15 22:35:57,ダンサンブル伊藤,シャンプーの液が、目に染みる　そんな春の日々
2022-04-15 22:35:58,街乗りCZ4A,夜に口笛吹くな
2022-04-15 22:35:58,344万の男　※カウントダウン12,お、おしいw
2022-04-15 22:35:58,野良フェンリル,口笛たすかる
2022-04-15 22:35:59,いつか,:kissing_face_with_smiling_eyes:
2022-04-15 22:35:59,名無しめん,口笛いいね
2022-04-15 22:36:01,おはぎさん,まじもこうやんけｗ
2022-04-15 22:36:01,ふぉくたぬ,グラさん元気だなぁ
2022-04-15 22:36:01,さあ,夜に口笛吹くと蛇くるよ
2022-04-15 22:36:01,ばく,:musical_notes::smiling_face_with_sunglasses::musical_notes::smiling_face_with_sunglasses::musical_notes::smiling_face_with_sunglasses::musical_notes:
2022-04-15 22:36:02,KH K,やりやがったww
2022-04-15 22:36:02,ポーヘイ,もこうありがとう
2022-04-15 22:36:03,YMS,サングラスビクンビクン
2022-04-15 22:36:04,KAL,口笛意味わからん過ぎて好きｗｗｗｗ
2022-04-15 22:36:04,ume,フリースタイルすき
2022-04-15 22:36:06,bbb aaa,クソダサきたｗ
2022-04-15 22:36:06,フライdoペンギン,必死の口笛草
2022-04-15 22:36:09,あさつき,草
2022-04-15 22:36:10,えだ,苦しそう
2022-04-15 22:36:15,V-MAX,蛇が出るよー！
2022-04-15 22:36:16,山本マサオ,再現すんなよw
2022-04-15 22:36:18,かぷちー,ピアノ弾いて
2022-04-15 22:36:19,ありす,これノラ君弾いてるってまじ？
2022-04-15 22:36:19,kool,泣いた
2022-04-15 22:36:24,めーぷる,全然音出て無くて草ですよ
2022-04-15 22:36:24,ばく,サングラスの伏線を回収していくぅ
2022-04-15 22:36:24,名無しめん,サングラスさんがんばる
2022-04-15 22:36:28,P J,ここすき
2022-04-15 22:36:28,ﾆﾝｼﾞﾝ,こん…のらー？
2022-04-15 22:36:30,⁂みのる⁂,グラサンガッタガタで草
2022-04-15 22:36:31,よもぎ ⚰️,カクカク
2022-04-15 22:36:32,やどかに,弾き語り…
2022-04-15 22:36:34,ポーヘイ,２週間でピアノ弾けるようになったんだよな
2022-04-15 22:36:39,がお.,サングラスもよう荒ぶっておる
2022-04-15 22:36:43,ばく,:musical_notes::smiling_face_with_sunglasses::musical_notes::smiling_face_with_sunglasses::musical_notes::smiling_face_with_sunglasses::musical_notes::smiling_face_with_sunglasses::musical_notes:
2022-04-15 22:36:44,めーぷる,グラサンくん大丈夫そう？
2022-04-15 22:36:45,IROTEC,サングラス　グラグラさせるの面白いから持ちネタにして欲しい
2022-04-15 22:36:45,モルチャリ,ダサすぎて泣きそう:crying_face:
2022-04-15 22:36:51,ダンサンブル伊藤,もこキッズに目つけられたらまた紛争が見れるのか？欲張りめ
2022-04-15 22:36:56,山本マサオ,サングラスが3G回線
2022-04-15 22:36:56,AK,お姉さまの結婚式でやろう
2022-04-15 22:36:59,ハンギョ刃牙,:purple_square::red_square::orange_square::yellow_square::green_square::red_square::orange_square::yellow_square::green_square::blue_square::purple_square::red_square::orange_square::yellow_square::green_square::blue_square::purple_square::red_square::orange_square::yellow_square::green_square::red_square::orange_square::yellow_square::green_square::blue_square::purple_square:もこレインボー:purple_square::red_square::orange_square::yellow_square::green_square::red_square::orange_square::yellow_square::green_square::blue_square::purple_square::red_square::orange_square::yellow_square::green_square::blue_square::purple_square::red_square::orange_square::yellow_square::green_square:
2022-04-15 22:37:11,さすけ,上手いんだよなあ
2022-04-15 22:37:12,やどかに,もこレインボーwww
2022-04-15 22:37:15,小林,すごー
2022-04-15 22:37:17,ニート鮭男,グラサンがもう大好き笑笑
2022-04-15 22:37:19,ばく,口笛w
2022-04-15 22:37:19,P J,草
2022-04-15 22:37:21,3232qeq,きたああ
2022-04-15 22:37:22,ポーヘイ,草
2022-04-15 22:37:23,みこっち,草
2022-04-15 22:37:23,Flat,サングラスが30fps
2022-04-15 22:37:24,あさつき,口笛めっちゃ差し込んでくるじゃん
2022-04-15 22:37:25,V-MAX,草
2022-04-15 22:37:27,ダンサンブル伊藤,もこレインボー固定しろ
2022-04-15 22:37:28,よもぎ ⚰️,口笛うまいな
2022-04-15 22:37:29,山本マサオ,無駄にすごいコメント
2022-04-15 22:37:30,アリマ,口開いてて草
2022-04-15 22:37:30,やさい,口笛うまいｗ
2022-04-15 22:37:31,クロヘビ局長,じゅぴちゃん結婚おめでとう
2022-04-15 22:37:31,ばく,いいね
2022-04-15 22:37:32,344万の男　※カウントダウン12,ここでも口笛ww
2022-04-15 22:37:35,平賀源内,口笛よいね
2022-04-15 22:37:44,t asami,ユーミンじゃなくて長渕あたりに楽曲提供されてた世界線の春よ来いっぽい
2022-04-15 22:37:46,KAL,じゅぴちゃん:loudly_crying_face::loudly_crying_face::loudly_crying_face:
2022-04-15 22:37:49,ぱきら,え？
2022-04-15 22:37:51,ダンサンブル伊藤,ケニアナンバーワン
2022-04-15 22:37:52,KAL,:elbowcough::elbowcough::elbowcough:
2022-04-15 22:38:01,K_D_F,泣ける
2022-04-15 22:38:01,ポーヘイ,めっちゃくちゃやんけ
2022-04-15 22:38:02,344万の男　※カウントダウン12,口笛挟みすぎぃ！w
2022-04-15 22:38:04,shuiiij(しゅいじ),口笛うまい
2022-04-15 22:38:06,みこっち,ｗｗｗ
2022-04-15 22:38:08,ばく,はさみまくっていくぅ
2022-04-15 22:38:12,シスターさん,草
2022-04-15 22:38:14,さすけ,どんだけやるねんww
2022-04-15 22:38:14,山本マサオ,口笛上手くなってて草
2022-04-15 22:38:15,デイビット・コジマ ⚰️,口笛はいいな
2022-04-15 22:38:17,V-MAX,挟み過ぎで草ｗ
2022-04-15 22:38:17,てぃろ,:kissing_face_with_smiling_eyes:～:musical_notes:
2022-04-15 22:38:18,S!NK,草
2022-04-15 22:38:19,P J,ちゃんと口笛やるのえらい
2022-04-15 22:38:19,名無し,草
2022-04-15 22:38:20,冥土,もうわけわかめ
2022-04-15 22:38:20,切',賑やかだなぁ
2022-04-15 22:38:25,ぱきら,草
2022-04-15 22:38:27,あさつき,逆に難しいまである
2022-04-15 22:38:28,デイビット・コジマ ⚰️,ワイルドアームズみたいでいいなぁ
2022-04-15 22:38:28,S!NK,器用だなぁw
2022-04-15 22:38:29,ウィナーズサークル,歌詞忘れたところ口笛してる説
2022-04-15 22:38:31,ココロオレル,草
2022-04-15 22:38:32,344万の男　※カウントダウン12,口笛短期間でめっちゃ上達しとるwww
2022-04-15 22:38:34,shuiiij(しゅいじ),口笛枠やんけ！
2022-04-15 22:38:36,アリマ,草
2022-04-15 22:38:37,kool,ドラエネやれ
2022-04-15 22:38:37,クロヘビ局長,ごちゃごちゃなんよ
2022-04-15 22:38:39,冥土,草
2022-04-15 22:38:43,ポーヘイ,普通に歌うよりむずいやろｗｗｗ
2022-04-15 22:38:44,フライdoペンギン,失恋ソングなのに２番歌ってなくて草
2022-04-15 22:38:45,デイビット・コジマ ⚰️,口笛オンリーでも一回ききたいぜ
2022-04-15 22:38:46,カルダリ,:clapping_hands::clapping_hands::clapping_hands::clapping_hands::clapping_hands:
2022-04-15 22:38:48,いっち,:clapping_hands::clapping_hands::clapping_hands::clapping_hands::clapping_hands::clapping_hands:
2022-04-15 22:38:50,V-MAX,:clapping_hands::clapping_hands::clapping_hands::clapping_hands::clapping_hands::clapping_hands::clapping_hands:
2022-04-15 22:38:50,ニート鮭男,とりあえずグラサン…外そっか．
2022-04-15 22:38:51,ポーヘイ,:clapping_hands::clapping_hands::clapping_hands::clapping_hands:
2022-04-15 22:38:52,山本マサオ,結婚おめでとう
2022-04-15 22:38:53,AK,おめでとう
2022-04-15 22:38:53,missi ryo,:clapping_hands::clapping_hands::clapping_hands:
2022-04-15 22:38:53,しまとじ,:clapping_hands::clapping_hands::clapping_hands::clapping_hands::clapping_hands:
2022-04-15 22:38:54,⁂みのる⁂,草
2022-04-15 22:38:54,たいらのどか,草
2022-04-15 22:38:54,きまぐれ鉛筆,:smiling_face_with_sunglasses::clapping_hands::smiling_face_with_sunglasses::clapping_hands::smiling_face_with_sunglasses::clapping_hands::smiling_face_with_sunglasses:
2022-04-15 22:38:54,デイビット・コジマ ⚰️,ずれるねぇ
2022-04-15 22:38:54,やさい,口笛とぴくぴくするグラサンで歌が入ってこない
2022-04-15 22:38:54,やどかに,jun bride歌え
2022-04-15 22:38:55,アリマ,グラサンガックガク
2022-04-15 22:38:56,ヨツカド,:clapping_hands::clapping_hands::clapping_hands::clapping_hands::clapping_hands::clapping_hands::clapping_hands::clapping_hands:
2022-04-15 22:38:56,東京皇帝☆北条恋歌,サングラスやばすぎる
2022-04-15 22:38:57,もさぎ。,:snake::snake::snake::snake::snake::snake::snake::snake::snake::snake::snake::snake:
2022-04-15 22:38:58,みこっち,サングラス斜め
2022-04-15 22:38:58,かぷちー,:clapping_hands::clapping_hands::clapping_hands::clapping_hands::clapping_hands:
2022-04-15 22:38:59,寝る寝る寝るね,:clapping_hands::clapping_hands::clapping_hands::clapping_hands::clapping_hands::clapping_hands:
2022-04-15 22:38:59,雪勝,グラサンガッタガタで草
2022-04-15 22:38:59,けそ（けそ）,:clapping_hands::clapping_hands::clapping_hands::clapping_hands:
2022-04-15 22:39:00,林啓太,ｗｗ
2022-04-15 22:39:00,冥土,:clapping_hands::clapping_hands::clapping_hands::clapping_hands::clapping_hands::clapping_hands:
2022-04-15 22:39:00,めーぷる,サングラスが気になりすぎた
2022-04-15 22:39:01,ココロオレル,:clapping_hands::clapping_hands::clapping_hands::clapping_hands::clapping_hands::clapping_hands:
2022-04-15 22:39:01,li nva,結婚あめでとう
2022-04-15 22:39:01,YMS,サングラスがノラのスピードに追い付けない
2022-04-15 22:39:02,あんころもち,:dark_sunglasses:
2022-04-15 22:39:05,さあ,君の知らない物語 とかどう？
2022-04-15 22:39:07,さすけ,逃げ出そうとしてる
2022-04-15 22:39:07,セラ,歌詞忘れて口笛吹いてる説好き
2022-04-15 22:39:07,ニート鮭男,:clapping_hands::clapping_hands::clapping_hands::clapping_hands::clapping_hands:
2022-04-15 22:39:09,なー＊,:clapping_hands::clapping_hands::clapping_hands::clapping_hands::clapping_hands:
2022-04-15 22:39:10,なっとうまき,花は桜君は美し　いきものがたり
2022-04-15 22:39:10,名無し,:clapping_hands::clapping_hands::clapping_hands::clapping_hands::clapping_hands:
2022-04-15 22:39:10,344万の男　※カウントダウン12,:clapping_hands::clapping_hands::clapping_hands::clapping_hands::clapping_hands::clapping_hands::clapping_hands::clapping_hands:
2022-04-15 22:39:10,S!NK,:clapping_hands::clapping_hands::clapping_hands::clapping_hands::clapping_hands:
2022-04-15 22:39:10,ばく,プリテンダーとかどうです?
2022-04-15 22:39:11,めーぷる,カブトムシ
2022-04-15 22:39:16,ポンジュ,サスケ　　青いベンチ
2022-04-15 22:39:16,ヴァニラアイス,むらまことコラボするってマジ？？
2022-04-15 22:39:16,天豪,青いベンチ
2022-04-15 22:39:19,じゃもじゃも,:clapping_hands::clapping_hands::clapping_hands::clapping_hands::clapping_hands::clapping_hands::clapping_hands::clapping_hands::clapping_hands::clapping_hands::clapping_hands::clapping_hands:
2022-04-15 22:39:20,ジョン,壊してくれ
2022-04-15 22:39:20,ニート鮭男,西野カナとか？
2022-04-15 22:39:21,如月魔犬(ｷｻﾗｷﾞﾏｹﾝ),こんのらー、サングラスに夢中でした
2022-04-15 22:39:22,KAL,ここテン
2022-04-15 22:39:22,名無し,グラサンが本体
2022-04-15 22:39:22,すえっそん,:clapping_hands::clapping_hands::clapping_hands::clapping_hands:
2022-04-15 22:39:23,ダンサンブル伊藤,あんたたちはねえ！自我を持っちゃいけないぺこよ！
2022-04-15 22:39:24,kool,junbride
2022-04-15 22:39:25,めーぷる,もう全部やってる定期
2022-04-15 22:39:26,sawa 55,逢いたくて震えて
2022-04-15 22:39:26,フライdoペンギン,プリテンダーいいね
2022-04-15 22:39:27,林啓太,欲張りノラねえ
2022-04-15 22:39:28,ウィナーズサークル,SHAMROCK歌ってほしい
2022-04-15 22:39:29,ぱきら,くるみぽんちお
2022-04-15 22:39:29,よいち,:clapping_hands::clapping_hands::clapping_hands:
2022-04-15 22:39:31,いよちゃん,恋のメガラバ
2022-04-15 22:39:31,ガンテル,:clapping_hands::clapping_hands::clapping_hands::clapping_hands::clapping_hands::clapping_hands:
2022-04-15 22:39:31,ベル,こんのら〜
2022-04-15 22:39:32,いっち,CHE.R.RYとか？
2022-04-15 22:39:32,アール・グレイ,:clapping_hands::clapping_hands::clapping_hands::clapping_hands::clapping_hands:
2022-04-15 22:39:32,やどかに,1/3の純情な感情
2022-04-15 22:39:34,AK,jun brideもうたえ
2022-04-15 22:39:34,宇津田詩瑙,全部してるや
2022-04-15 22:39:35,IROTEC,シーチキン
2022-04-15 22:39:35,デイビット・コジマ ⚰️,ＴＮＴＮ？
2022-04-15 22:39:36,がお.,宇多田ヒカル be my last
2022-04-15 22:39:36,ポーヘイ,高評価するとおすすめ出やすいので　とか言うといいぞ
2022-04-15 22:39:37,クロヘビ局長,ライフタイムリスペクト
2022-04-15 22:39:38,P J,堪能させ賜う其方の体もラブソングだゾ
2022-04-15 22:39:39,V-MAX,！？
2022-04-15 22:39:39,さあ,？
2022-04-15 22:39:39,ごっしー,聞く
2022-04-15 22:39:40,よもぎ ⚰️,え？
2022-04-15 22:39:40,冥土,フルのtntn？
2022-04-15 22:39:40,水猫,ww
2022-04-15 22:39:40,げきちん,フリチンチン？
2022-04-15 22:39:40,めーぷる,は？
2022-04-15 22:39:41,ありす,プリチンチンダー
2022-04-15 22:39:41,きまぐれ鉛筆,このまえtntnで歌っちゃったから……？
2022-04-15 22:39:42,ココロオレル,なんにも隠れてなくて草
2022-04-15 22:39:42,そら,backnumberの幸せ歌ってくれ
2022-04-15 22:39:43,林啓太,ＴＮＴＮだ
2022-04-15 22:39:43,デイビット・コジマ ⚰️,！？！？！？！？！！？？？？？！！？？
2022-04-15 22:39:45,さすけ,もう最低だよ
2022-04-15 22:39:46,344万の男　※カウントダウン12,やるのか？ww
2022-04-15 22:39:46,うーあー,:thumbs_up:押しといたよ
2022-04-15 22:39:47,切',カルタグラの曲
2022-04-15 22:39:47,南 光太郎,:clapping_hands::clapping_hands::clapping_hands::clapping_hands::clapping_hands::clapping_hands:
2022-04-15 22:39:47,デイビット・コジマ ⚰️,あれか
2022-04-15 22:39:47,テロメア,ちんちんで歌ったとかいうパワーワード
2022-04-15 22:39:48,P J,tntn
2022-04-15 22:39:49,KAL,チンチンの許可とったの？？
2022-04-15 22:39:49,ポンジュ,恋愛とは
2022-04-15 22:39:49,ありす,プリチンダー？
2022-04-15 22:39:50,みこっち,草
2022-04-15 22:39:52,YMS,TNTN
2022-04-15 22:39:52,めーぷる,え？
2022-04-15 22:39:54,Cucu Eyang,????
2022-04-15 22:39:55,tasuke,これはひどい
2022-04-15 22:39:55,ばく,スペースのやつねw
2022-04-15 22:39:56,あさつき,なにそれ
2022-04-15 22:39:58,いーりぃ⚰️,草
2022-04-15 22:39:58,じゃもじゃも,？？
2022-04-15 22:39:58,ガンテル,tntnderは草
2022-04-15 22:39:58,鈴音,:male_sign:
2022-04-15 22:39:58,田中太郎,タイトルに吊られた
2022-04-15 22:39:59,ウィナーズサークル,は？
2022-04-15 22:39:59,344万の男　※カウントダウン12,やったぜ！
2022-04-15 22:39:59,めーぷる,なになに？
2022-04-15 22:39:59,なっとうまき,それ好き
2022-04-15 22:39:59,いっち,草
2022-04-15 22:39:59,ヤマ,やるのかｗ
2022-04-15 22:40:00,⁂みのる⁂,サイテー
2022-04-15 22:40:01,S!NK,あぁww
2022-04-15 22:40:01,ありす,フルチンダー？
2022-04-15 22:40:02,shuiiij(しゅいじ),tntnder
2022-04-15 22:40:02,よもぎ ⚰️,TNTNダー
2022-04-15 22:40:02,A J,草
2022-04-15 22:40:03,寝る寝る寝るね,ひどいのがくる
2022-04-15 22:40:03,ベル,草
2022-04-15 22:40:04,クロヘビ局長,tntnダー？
2022-04-15 22:40:04,龍太,ここで:exclamation_question_mark:︎
2022-04-15 22:40:05,takkuson,急に新しいのきた
2022-04-15 22:40:06,ダンサンブル伊藤,フリチンダークーきｔらああああああ！
2022-04-15 22:40:06,ポーヘイ,ひどいのくるぞ
2022-04-15 22:40:07,にらを,おこられろ
2022-04-15 22:40:07,がお.,フルチンだー
2022-04-15 22:40:07,めーぷる,意味不明で草
2022-04-15 22:40:08,ばく,wwww
2022-04-15 22:40:09,あるごん,でたわね
2022-04-15 22:40:09,さあ,草
2022-04-15 22:40:10,水猫,フルTNTN？
2022-04-15 22:40:10,takkuson,tintinderね
2022-04-15 22:40:11,フライdoペンギン,逆輸入するな
2022-04-15 22:40:13,名無し,BAN
2022-04-15 22:40:13,ハナマル,フルチンだー
2022-04-15 22:40:16,・。・,マズいわよ
2022-04-15 22:40:17,ココロオレル,動きかわいい
2022-04-15 22:40:17,P J,その曲でtntnするのか...
2022-04-15 22:40:17,ニート鮭男,ちんちんはフリー素材なんか笑笑
2022-04-15 22:40:18,めーぷる,なにがはじまるんです・
2022-04-15 22:40:19,切',:musical_notes::musical_note::musical_notes::musical_note:
2022-04-15 22:40:20,344万の男　※カウントダウン12,うおおおおおおおおおお！
2022-04-15 22:40:20,ポーヘイ,ほんまにおこられる
2022-04-15 22:40:21,ミュラー,official髭ダンディズムに許可とったのか？
2022-04-15 22:40:22,runawk,ふるちんだー
2022-04-15 22:40:23,鯰人「なまんちゅ」,草
2022-04-15 22:40:23,ダンサンブル伊藤,ＢＡＮ
2022-04-15 22:40:23,あさつき,元がなんだかわらないほどのタイトル改変
2022-04-15 22:40:23,シスターさん,草
2022-04-15 22:40:24,V-MAX,ｗｗｗ
2022-04-15 22:40:25,名無し,:police_officer:
2022-04-15 22:40:25,takkuson,草
2022-04-15 22:40:26,げきちん,これはひどいｗ
2022-04-15 22:40:26,ありす,ww
2022-04-15 22:40:27,冥土,これは酷いw
2022-04-15 22:40:27,カルダリ,草
2022-04-15 22:40:27,よもぎ ⚰️,これかｗ
2022-04-15 22:40:27,ポーヘイ,草
2022-04-15 22:40:28,デイビット・コジマ ⚰️,のおおおおお
2022-04-15 22:40:29,めーぷる,草
2022-04-15 22:40:29,けそ（けそ）,草
2022-04-15 22:40:30,ありす,これほんま好き
2022-04-15 22:40:30,アライラ,ヒドイｗｗｗｗｗｗ
2022-04-15 22:40:30,じゃもじゃも,www
2022-04-15 22:40:33,あかんすこ,！？
2022-04-15 22:40:33,S!NK,初手から草ァァァ
2022-04-15 22:40:34,⁂みのる⁂,草
2022-04-15 22:40:34,きまぐれ鉛筆,ひっでｗｗ
2022-04-15 22:40:35,しまとじ,草
2022-04-15 22:40:35,ポーヘイ,な？ひどいだろ
2022-04-15 22:40:36,takkuson,一人芝居だがあってて草
2022-04-15 22:40:36,ココロオレル,草
2022-04-15 22:40:37,みこっち,草
2022-04-15 22:40:37,がんすもー,草
2022-04-15 22:40:38,ダンサンブル伊藤,チソチソ:heart_suit:
2022-04-15 22:40:38,ぱきら,ｗｗｗｗｗｗｗ
2022-04-15 22:40:38,きり屋,草
2022-04-15 22:40:39,344万の男　※カウントダウン12,TNTN縛り始まったか？ww
2022-04-15 22:40:41,KAL,チンチン怒ってたよ
2022-04-15 22:40:41,KH K,一人芝居(意味深)
2022-04-15 22:40:41,天豪,草
2022-04-15 22:40:43,P J,草
2022-04-15 22:40:43,めーぷる,もしもし？ポリスメン？
2022-04-15 22:40:45,Cucu Eyang,草
2022-04-15 22:40:46,ニート鮭男,これでBANされたら笑う
2022-04-15 22:40:46,完全剛体リジッド,名曲ブレイカー
2022-04-15 22:40:47,ライズ,これはひどい
2022-04-15 22:40:47,ヤマ,感情しかないだろｗ
2022-04-15 22:40:48,mazungaz,草生える
2022-04-15 22:40:49,V-MAX,うまくて草ｗ
2022-04-15 22:40:49,すちーむぱんつ,ひどい替え歌で草
2022-04-15 22:40:49,チー釜,なんだこれ
2022-04-15 22:40:50,ありす,これで怒られてほしいw
2022-04-15 22:40:51,山本マサオ,これがホロライブだ！
2022-04-15 22:40:51,たいらのどか,ちゃんと怒られそう
2022-04-15 22:40:52,デイビット・コジマ ⚰️,妙に直球恋愛ソングか
2022-04-15 22:40:52,shuiiij(しゅいじ),感情の無いtntn
2022-04-15 22:40:52,ばく,:musical_notes::bell::musical_notes::bell::musical_notes::bell::musical_notes:
2022-04-15 22:40:54,さすけ,全体的に最悪
2022-04-15 22:40:55,ウィナーズサークル,下ネタ禁止配信より最速で笑う
2022-04-15 22:40:55,bbb aaa,TNTNって言えばいいってモンじゃねーｗ
2022-04-15 22:40:56,P J,ひでえ
2022-04-15 22:40:58,けそ（けそ）,怒られてwww
2022-04-15 22:40:58,リシャール,いい曲なのに滅茶苦茶
2022-04-15 22:40:59,ポンジュ,ただのフルチンダー
2022-04-15 22:40:59,フライdoペンギン,え？わかんない
2022-04-15 22:40:59,めーぷる,これはひどい
2022-04-15 22:41:02,寝る寝る寝るね,うーんひどいw
2022-04-15 22:41:05,きまぐれ鉛筆,:police_officer:……
2022-04-15 22:41:06,もさぎ。,一人芝居（意味深）
2022-04-15 22:41:06,デイビット・コジマ ⚰️,いええええええ！
2022-04-15 22:41:07,Parra23,感情のってんなぁ…
2022-04-15 22:41:10,いっち,凸:musical_notes:凸:musical_notes:凸:musical_notes:凸:musical_notes:
2022-04-15 22:41:10,ばく,これ面白いんだよなぁw
2022-04-15 22:41:13,はしもん,∪
2022-04-15 22:41:19,あさつき,愛を伝えられたら・・・
2022-04-15 22:41:20,ポーヘイ,もっと違うTNTN
2022-04-15 22:41:20,田所浩二,もっと違うTNTNは草
2022-04-15 22:41:21,なっとうまき,愛（意味深
2022-04-15 22:41:21,切',:bell::bell:
2022-04-15 22:41:21,めーぷる,違うTNTNってもう意味ないやん
2022-04-15 22:41:23,冥土,tntnで愛を伝えるなwww
2022-04-15 22:41:24,YMS,股間奥義
2022-04-15 22:41:25,ポーヘイ,草
2022-04-15 22:41:28,げきちん,tntn
2022-04-15 22:41:28,ベル,ちゃんと抑揚ついてんのがまた笑いを誘う
2022-04-15 22:41:28,KAL,苦しいｗｗｗ
2022-04-15 22:41:28,あんころもち,ｗｗｗ
2022-04-15 22:41:29,takkuson,tntnじゃねーよｗ
2022-04-15 22:41:32,しまとじ,草
2022-04-15 22:41:32,petitortue,これは酷い
2022-04-15 22:41:32,めーぷる,否めるだろ
2022-04-15 22:41:33,KAL,今苦しかった
2022-04-15 22:41:33,P J,面白いけどひでえ
2022-04-15 22:41:34,ウィナーズサークル,別れの挨拶を股間でするな
2022-04-15 22:41:35,山本マサオ,:sparkles::sparkles::sparkles::sparkles::sparkles::sparkles:
2022-04-15 22:41:35,デイビット・コジマ ⚰️,直球なんよな
2022-04-15 22:41:36,はぐぅ,NTRなのか
2022-04-15 22:41:36,たいらのどか,草
2022-04-15 22:41:37,V-MAX,運命ｗ
2022-04-15 22:41:37,寝る寝る寝るね,いやー草
2022-04-15 22:41:37,S!NK,www
2022-04-15 22:41:37,フライdoペンギン,運命のtntnってなんだよ
2022-04-15 22:41:38,ぱきら,ナイタ
2022-04-15 22:41:38,めーぷる,意味不明
2022-04-15 22:41:39,ダンサンブル伊藤,否め
2022-04-15 22:41:40,344万の男　※カウントダウン12,ぶひぃ！！ぶひぃ！！
2022-04-15 22:41:41,シスターさん,草
2022-04-15 22:41:41,名無し,強引で笑う
2022-04-15 22:41:41,あさつき,草
2022-04-15 22:41:41,ニート鮭男,セフレって事ですか？
2022-04-15 22:41:42,アリマ,けがしてて草
2022-04-15 22:41:42,よもぎ ⚰️,いい声なのに歌詞がひどいなｗ
2022-04-15 22:41:43,あやたか,もっと違うtntn
2022-04-15 22:41:43,KAL,痛いんだ・・・
2022-04-15 22:41:44,林啓太,何度聞いても草しか生えないｗ
2022-04-15 22:41:47,ポーヘイ,ずっと発情してるな
2022-04-15 22:41:47,ねこすき,敏感スギィ
2022-04-15 22:41:47,けそ（けそ）,歌詞がひどくなって草
2022-04-15 22:41:50,切',:musical_note::musical_notes::musical_note::full_moon::musical_notes::musical_note:
2022-04-15 22:41:51,33 foxes,乾杯cincin
2022-04-15 22:41:51,はしもん,:sweat_droplets::sweat_droplets::sweat_droplets:
2022-04-15 22:41:51,あさつき,哲学すぎる
2022-04-15 22:41:52,ばく,デカかったらな…(；▽；)
2022-04-15 22:41:52,takkuson,やってること小学生だぞｗ
2022-04-15 22:41:53,あかんすこ,MNMNに通報します
2022-04-15 22:41:54,すちーむぱんつ,想像したら笑えた
2022-04-15 22:41:55,manamin64(k),tntnがノラノラしてきた・・・
2022-04-15 22:41:55,KAL,分かりたくない
2022-04-15 22:41:56,Kentaro Hata,最低（笑）
2022-04-15 22:41:56,P J,seiyokuに正直に行け
2022-04-15 22:41:57,冥土,わかりたくもないわw
2022-04-15 22:41:59,ありす,本当に最低の替え歌
2022-04-15 22:41:59,アライラ,たしかに分かりたくない
2022-04-15 22:42:00,宇津田詩瑙,確かにわかりたくない
2022-04-15 22:42:01,KAL,そらそう
2022-04-15 22:42:02,きまぐれ鉛筆,本当にわかりたくないよｗｗ
2022-04-15 22:42:04,アリマ,草
2022-04-15 22:42:05,KAL,は？？
2022-04-15 22:42:05,いつか,分かりたくも無いなｗ
2022-04-15 22:42:06,Cucu Eyang,泣いたぜ:smiling_face_with_sunglasses:
2022-04-15 22:42:07,KAL,あ？？？
2022-04-15 22:42:08,東京皇帝☆北条恋歌,きれいなんか
2022-04-15 22:42:08,S!NK,分かってても笑っちゃうw
2022-04-15 22:42:09,完全剛体リジッド,TNTN忙しいｗ
2022-04-15 22:42:09,チー釜,絶妙に歌詞繋がってるが腹たつ
2022-04-15 22:42:09,山本マサオ,:glowing_star::glowing_star::glowing_star::glowing_star::glowing_star:
2022-04-15 22:42:10,manamin64(k),tntnはきれい
2022-04-15 22:42:11,ばく,キレイだ
2022-04-15 22:42:13,Della,ﾁﾝﾁﾝは
2022-04-15 22:42:13,いっち,草
2022-04-15 22:42:13,セラ,　きたねぇノラ
2022-04-15 22:42:13,ウィナーズサークル,きたねえよ
2022-04-15 22:42:14,takkuson,奇麗じゃないんだよなぁ・・・
2022-04-15 22:42:14,どぅー / Do. 3DCG - ch,こんなので笑いたくないのに…
2022-04-15 22:42:16,クロヘビ局長,tntnは汚ぇよ
2022-04-15 22:42:17,かぷちー,酷すぎるw
2022-04-15 22:42:17,きまぐれ鉛筆,きれいなのか……
2022-04-15 22:42:19,タイメシおむすび,きたねーよw
2022-04-15 22:42:20,たなかいちろう,tntn
2022-04-15 22:42:20,さすけ,どこが綺麗だってんだ
2022-04-15 22:42:22,Uki ーユウキー,綺麗なtntn
2022-04-15 22:42:23,ccde abc,切り抜かれっぞ
2022-04-15 22:42:23,ぱきら,中でソーリー
2022-04-15 22:42:24,めーぷる,TNTNは洗えばきれいだからな
2022-04-15 22:42:24,ありす,これホンマに好きだからいつか生で聴きたい
2022-04-15 22:42:24,Parra23,フルかぁ
2022-04-15 22:42:28,ココロオレル,お風呂で洗おw
2022-04-15 22:42:29,ベル,綺麗じゃないんだよなぁ…
2022-04-15 22:42:30,Ω,思い出の歌こんな歌詞だったかな…
2022-04-15 22:42:30,ばく,:musical_notes::bell::musical_notes::bell::musical_notes::bell::musical_notes:
2022-04-15 22:42:31,ニート鮭男,普通になった
2022-04-15 22:42:31,ポーヘイ,きたない
2022-04-15 22:42:34,すちーむぱんつ,無理やりtiniin入れててで草
2022-04-15 22:42:35,山本マサオ,:sparkles::glowing_star::sparkles::glowing_star::sparkles::glowing_star::sparkles::glowing_star::sparkles:
2022-04-15 22:42:42,ポンジュ,ついに切り抜かれる時が来たか
2022-04-15 22:42:43,天豪,これは切り取られるｗ
2022-04-15 22:42:46,めーぷる,名曲を汚さないで
2022-04-15 22:42:48,ウィナーズサークル,次の深層祭で歌ってほしい
2022-04-15 22:42:52,切',in茎が苛立つ
2022-04-15 22:42:54,もさぎ。,もっと意味の通る歌詞にしろ
2022-04-15 22:42:55,かぼちゃいぬ,サムネから
2022-04-15 22:43:00,takkuson,むなちいｗ
2022-04-15 22:43:04,デイビット・コジマ ⚰️,旨いねほんと
2022-04-15 22:43:04,ヤマ,ｔｎｔｎ
2022-04-15 22:43:05,たなかいちろう,TNTN!
2022-04-15 22:43:06,めーぷる,つないだTNTNってなに？
2022-04-15 22:43:07,ポーヘイ,つながるTNTN
2022-04-15 22:43:11,アリマ,皮を引き延ばすな
2022-04-15 22:43:12,P J,草
2022-04-15 22:43:13,フライdoペンギン,tntnの先にエンドラインってなんだよ
2022-04-15 22:43:14,ココロオレル,すんごい気持ち良さそうに歌うからおもろすぎるwww
2022-04-15 22:43:15,デイビット・コジマ ⚰️,歌詞は酷いけど
2022-04-15 22:43:16,ばく,TNTNはいない
2022-04-15 22:43:17,Ω,つながるな
2022-04-15 22:43:18,よーしゅ,またｔｎ。。。
2022-04-15 22:43:19,クロヘビ局長,繋がったtntnの先は子宮です
2022-04-15 22:43:20,ダンサンブル伊藤,ｔんｔんの絵文字探してるけど無い:loudly_crying_face:
2022-04-15 22:43:20,ニート鮭男,繋いだtntnの向こう？笑笑
2022-04-15 22:43:20,V-MAX,全部間違えてるよｗ
2022-04-15 22:43:22,田所浩二,全部間違えてるよ
2022-04-15 22:43:22,Uki ーユウキー,tntnが既にエンドラインなのよ
2022-04-15 22:43:23,ばく,wwww
2022-04-15 22:43:23,めーぷる,歌詞が汚すぎる
2022-04-15 22:43:24,山本マサオ,:sparkles:tntn:sparkles:
2022-04-15 22:43:27,如月魔犬(ｷｻﾗｷﾞﾏｹﾝ),tntnはいない
2022-04-15 22:43:28,ありす,tntn苦しい
2022-04-15 22:43:29,すちーむぱんつ,tntnの向こう側のエンドラインってなんだ…？
2022-04-15 22:43:31,たいらのどか,すべて間違ってんよ
2022-04-15 22:43:31,シスターさん,最初から何もかも違うのよ
2022-04-15 22:43:31,はしもん,つまりエッチってこと…！？
2022-04-15 22:43:32,ベル,間違えとは
2022-04-15 22:43:32,切',:musical_note::musical_notes::musical_note::musical_notes:
2022-04-15 22:43:33,寝る寝る寝るね,なんでこんな綺麗にこんな汚い歌うたうん？
2022-04-15 22:43:34,ポンジュ,色々間違えてるよ
2022-04-15 22:43:35,Alex,いい歌だぁ・・・
2022-04-15 22:43:36,さあ,これはひどい
2022-04-15 22:43:37,チー釜,とりあえずtntnはさむの雑だわー
2022-04-15 22:43:38,ばく,素晴らしい
2022-04-15 22:43:38,ちろる,もっと間違えてるとこあるよ
2022-04-15 22:43:41,ポーヘイ,TNTN！
2022-04-15 22:43:42,777もりお,こんなに苦しいならもうTINTINなんていらない！
2022-04-15 22:43:43,S!NK,草
2022-04-15 22:43:46,ウィナーズサークル,人のtntnを笑うな
2022-04-15 22:43:47,あさつき,僕じゃないか・・・
2022-04-15 22:43:48,高橋右手,NTRとるやん
2022-04-15 22:43:48,ポーヘイ,運命のTNTN
2022-04-15 22:43:48,如月魔犬(ｷｻﾗｷﾞﾏｹﾝ),運命のtntn
2022-04-15 22:43:50,どぅー / Do. 3DCG - ch,シャンプーよりよっぽど炎上する
2022-04-15 22:43:51,しまとじ,運命のtntnほんま草
2022-04-15 22:43:51,33 foxes,双頭デ○ルド?
2022-04-15 22:43:54,げきちん,雑tntnすぎるｗ
2022-04-15 22:43:55,ありす,運命のtntnは僕じゃないすき
2022-04-15 22:43:55,とーふ,小学生みたいなtntn
2022-04-15 22:43:56,takkuson,ほんとセフレってこと？だな
2022-04-15 22:43:58,めーぷる,TNTN痛いのは病院行けよ
2022-04-15 22:44:00,アリマ,さすがに草
2022-04-15 22:44:01,たなかいちろう,運命のtntnじゃないものを入れとる
2022-04-15 22:44:01,名無し,運命のtntn
2022-04-15 22:44:01,みーふた,性病じゃん
2022-04-15 22:44:04,やさい,触れただけで痛いのは性病やろ
2022-04-15 22:44:04,たいらのどか,tntn甘い
2022-04-15 22:44:04,アリマ,甘みを感じるな
2022-04-15 22:44:05,ばく,運命のTNTNは僕じゃない
2022-04-15 22:44:08,なっとうまき,泌尿器科に行って…
2022-04-15 22:44:08,デイビット・コジマ ⚰️,ほんと癒されるんだけどな
2022-04-15 22:44:09,山本マサオ,きれいなtntnがここにある
2022-04-15 22:44:09,てららてら,病院行け
2022-04-15 22:44:12,あさつき,分かりたくもないわ
2022-04-15 22:44:14,Uki ーユウキー,じゃあ俺の運命のtntnはどこにあるのさ!？
2022-04-15 22:44:16,如月魔犬(ｷｻﾗｷﾞﾏｹﾝ),これはわかりたくない
2022-04-15 22:44:16,寝る寝る寝るね,ぼくにとってちんちんは息子です
2022-04-15 22:44:16,めーぷる,ただの性病の歌で草
2022-04-15 22:44:17,タイメシおむすび,痛いのはヤバいw
2022-04-15 22:44:20,すちーむぱんつ,わかりたくもない、それはそう
2022-04-15 22:44:22,きっと誰もこない,アーカイブからグッバイしそう
2022-04-15 22:44:23,たつべぇ,良いちんちんだ
2022-04-15 22:44:24,ポーヘイ,綺麗だあ・・
2022-04-15 22:44:25,P J,運命のtntnってなんだよ(哲学)
2022-04-15 22:44:26,アライラ,股間に想いを馳せすぎだろ
2022-04-15 22:44:28,ばく,:musical_notes::bell::musical_notes::bell::musical_notes::bell::musical_notes:
2022-04-15 22:44:30,タイメシおむすび,だから汚いってw
2022-04-15 22:44:33,takkuson,ｔｎｔｎの運命？？？？
2022-04-15 22:44:36,山本マサオ,美しい
2022-04-15 22:44:37,めーぷる,TNTNの運命ってなに？
2022-04-15 22:44:38,デイビット・コジマ ⚰️,いいええええええ
2022-04-15 22:44:38,ばく,wwww
2022-04-15 22:44:38,たいらのどか,悪いだろ
2022-04-15 22:44:40,がお.,tntnは悪くないよなあ？
2022-04-15 22:44:41,切',:musical_note::musical_notes::musical_note:
2022-04-15 22:44:41,セラ,最低ダァ
2022-04-15 22:44:42,めーぷる,きたないんだよなぁ…
2022-04-15 22:44:45,ばく,キレイだーーーーーーーー
2022-04-15 22:44:46,ニート鮭男,まぁ．未使用だとピンクだし多分綺麗な色しとる笑笑
2022-04-15 22:44:46,KH K,草
2022-04-15 22:44:47,みーふた,初見の気持ちか？いつもこんなのやってるのかって困惑してるよ
2022-04-15 22:44:47,クロヘビ局長,よくここまで名曲を汚せられるよな
2022-04-15 22:44:48,ウィナーズサークル,これがホロックスですか？
2022-04-15 22:44:48,きまぐれ鉛筆,tntnのさだめ……？
2022-04-15 22:44:48,んじぴー,それほどでも
2022-04-15 22:44:49,東京皇帝☆北条恋歌,ほんまにきれいなんか？
2022-04-15 22:44:50,S!NK,運命はやめてww
2022-04-15 22:44:50,レプリカ,運命のtntnは僕じゃないって何？w
2022-04-15 22:44:51,チー釜,これが大丈夫なのにシャンプーで揉めてたの最高に意味不明
2022-04-15 22:44:54,ばく,:clapping_hands::clapping_hands::clapping_hands::clapping_hands::clapping_hands::clapping_hands::clapping_hands::clapping_hands::clapping_hands:
2022-04-15 22:44:54,むなやけ六郎,初めて聞いたけど良い曲だな
2022-04-15 22:44:54,デイビット・コジマ ⚰️,直球ラブソングよほんと
2022-04-15 22:44:54,たなかいちろう,運命のTNTNではなかったけど綺麗だった
2022-04-15 22:44:56,アリマ,いやでも甘いなはずるい
2022-04-15 22:44:57,めーぷる,きれいなわけがないだろ
2022-04-15 22:44:59,かぷちー,:clapping_hands::clapping_hands::clapping_hands::clapping_hands::clapping_hands:
2022-04-15 22:45:01,てららてら,きれいにしてるのに痛いのは完全に感染症なのよ
2022-04-15 22:45:04,Gen,:banana::banana::banana::banana:
2022-04-15 22:45:05,V-MAX,:clapping_hands::clapping_hands::clapping_hands::clapping_hands::clapping_hands::clapping_hands::clapping_hands:
2022-04-15 22:45:07,ココロオレル,綺麗だよ……うん
2022-04-15 22:45:07,山本マサオ,きれいなノラ君の歌声に感動 tntnにさようなら
2022-04-15 22:45:07,ポーヘイ,:clapping_hands::clapping_hands::clapping_hands::clapping_hands:
2022-04-15 22:45:09,切',黒光？、……
2022-04-15 22:45:09,完全剛体リジッド,替え歌なら香水も良かったなぁ
2022-04-15 22:45:10,じゃもじゃも,:clapping_hands::clapping_hands::clapping_hands::clapping_hands::clapping_hands::clapping_hands::clapping_hands::clapping_hands::clapping_hands::clapping_hands::clapping_hands::clapping_hands::clapping_hands::clapping_hands::clapping_hands::clapping_hands::clapping_hands::clapping_hands:
2022-04-15 22:45:10,ポーヘイ,泣いた
2022-04-15 22:45:11,冥土,:clapping_hands::clapping_hands::clapping_hands::clapping_hands::clapping_hands::clapping_hands:
2022-04-15 22:45:11,FoxP,:clapping_hands:
2022-04-15 22:45:11,みーふた,俺、初見だけどノラくんのイメージガラッと変わったわ
2022-04-15 22:45:13,ポンジュ,:cactus:
2022-04-15 22:45:14,しなな_,Twitterの告知からなんだか臭いと思ったらtinの話してたのか、納得
2022-04-15 22:45:14,えだ,いい歌だ
2022-04-15 22:45:15,ダンサンブル伊藤,ＢＡＮ
2022-04-15 22:45:15,如月魔犬(ｷｻﾗｷﾞﾏｹﾝ),怒られろw
2022-04-15 22:45:16,takkuson,ずっとふざけてるんだよなぁ
2022-04-15 22:45:17,ココロオレル,:clapping_hands::clapping_hands::clapping_hands::clapping_hands::clapping_hands::clapping_hands:
2022-04-15 22:45:17,あるごん,ファンに怒られそう
2022-04-15 22:45:17,344万の男　※カウントダウン12,感動した！:clapping_hands::clapping_hands:
2022-04-15 22:45:18,Ω,きたねぇtntnだ…
2022-04-15 22:45:18,Black Joker,yurusannyo
2022-04-15 22:45:18,けそ（けそ）,:clapping_hands::clapping_hands:
2022-04-15 22:45:20,ニート鮭男,初見殺し笑笑
2022-04-15 22:45:20,デイビット・コジマ ⚰️,
2022-04-15 22:45:20,クロヘビ局長,謝罪して
2022-04-15 22:45:21,切',:clapping_hands::clapping_hands::clapping_hands::clapping_hands:
2022-04-15 22:45:21,めーぷる,汚いはきれい
2022-04-15 22:45:22,ウィナーズサークル,TNTNが代を歌ってくれ
2022-04-15 22:45:22,じゃもじゃも,:clapping_hands::clapping_hands::clapping_hands::clapping_hands::clapping_hands::clapping_hands::clapping_hands::clapping_hands:
2022-04-15 22:45:22,フライdoペンギン,よかったぞ
2022-04-15 22:45:22,野良フェンリル,:clapping_hands::clapping_hands::clapping_hands::clapping_hands:
2022-04-15 22:45:24,アイランド,い
2022-04-15 22:45:24,南 光太郎,:clapping_hands::clapping_hands::clapping_hands::clapping_hands::clapping_hands:
2022-04-15 22:45:25,たいらのどか,歌詞に共感した
2022-04-15 22:45:26,かぷちー,香水
2022-04-15 22:45:27,P J,でも面白かったです
2022-04-15 22:45:28,そら,backnumberの幸せ歌ってくれ
2022-04-15 22:45:29,ばく,カブトムシ
2022-04-15 22:45:32,takkuson,生で欲しいお嬢様からきたひとだな
2022-04-15 22:45:32,アイランド,い つ も
2022-04-15 22:45:35,凡人,フルチンダー
2022-04-15 22:45:36,タイメシおむすび,M
2022-04-15 22:45:36,roll,いいtntnソングあるかな？
2022-04-15 22:45:38,しなな_,失恋、backnumberとか？
2022-04-15 22:45:38,完全剛体リジッド,ポケモンいえるかなｗ
2022-04-15 22:45:38,田所浩二,失恋ソングを全部TNTNにするのか
2022-04-15 22:45:39,runawk,草
2022-04-15 22:45:39,ごっしー,天ノ弱！
2022-04-15 22:45:40,YMS,フルに悪ふざけ
2022-04-15 22:45:40,アール・グレイ,いつも
2022-04-15 22:45:41,がお.,宇多田ヒカル be my last
2022-04-15 22:45:44,みーふた,普段からこんなんなのかって草だった
2022-04-15 22:45:45,ばく,ポケモン?!
2022-04-15 22:45:46,デイビット・コジマ ⚰️,ｗｗｗ
2022-04-15 22:45:46,ニート鮭男,ポケモンで草
2022-04-15 22:45:47,takkuson,泣けた
2022-04-15 22:45:47,きまぐれ鉛筆,:clapping_hands::broken_heart::clapping_hands::broken_heart::clapping_hands:
2022-04-15 22:45:49,めーぷる,は？
2022-04-15 22:45:52,ポーヘイ,大喜利上手！
2022-04-15 22:45:52,東京皇帝☆北条恋歌,草
2022-04-15 22:45:56,めーぷる,は？
2022-04-15 22:45:56,林啓太,草
2022-04-15 22:45:56,たいらのどか,草
2022-04-15 22:45:56,ばく,うまいね
2022-04-15 22:45:56,ココロオレル,草
2022-04-15 22:45:56,takkuson,失ちんソング？
2022-04-15 22:45:59,ダンサンブル伊藤,うっま
2022-04-15 22:46:00,寝る寝る寝るね,うまんやん…
2022-04-15 22:46:02,めーぷる,失言ソング
2022-04-15 22:46:02,如月魔犬(ｷｻﾗｷﾞﾏｹﾝ),いつもののらーらだよね
2022-04-15 22:46:03,ccde abc,ディスクジョッキーでこの音源使うやつ居るんかなぁ
2022-04-15 22:46:04,セラ,失言ソング最高
2022-04-15 22:46:08,P J,コメントに座布団一枚
2022-04-15 22:46:11,YMS,草
2022-04-15 22:46:12,ばく,いいね
2022-04-15 22:46:15,むーん,高嶺の花子さん
2022-04-15 22:46:15,タイメシおむすび,スキマ！
2022-04-15 22:46:16,ニート鮭男,逆に真面目に出来るのか心配
2022-04-15 22:46:18,寝る寝る寝るね,この曲ごとの温度差よ
2022-04-15 22:46:20,やどかに,次のtntnも楽しみ
2022-04-15 22:46:21,山本マサオ,奏？
2022-04-15 22:46:23,ありす,TINGE？
2022-04-15 22:46:30,あるごん,卒業式の退場の曲これだったわ
2022-04-15 22:46:31,777もりお,すきますいっちん
2022-04-15 22:46:33,ウィナーズサークル,シャンプーニキ、一生はりつけにされてるの笑う
2022-04-15 22:46:34,Hy Ndong,hello :yougotthis:good night
2022-04-15 22:46:34,柳井もぶ,香水のtntnもう一回聞きたい
2022-04-15 22:46:35,めーぷる,名曲だー
2022-04-15 22:46:36,グラー丼,温度差で風邪ひかせるのに全力をかけるのやめて
2022-04-15 22:46:37,ダンサンブル伊藤,次はどんなｔんｔん？
2022-04-15 22:46:38,完全剛体リジッド,いつものことよ！
2022-04-15 22:46:38,いまおう,配信の温度差？
2022-04-15 22:46:39,ばく,大丈夫
2022-04-15 22:46:41,ハンギョ刃牙,ﾃﾄﾃｰ:loudly_crying_face:
2022-04-15 22:46:45,344万の男　※カウントダウン12,温度差で風邪ひきそうですわww
2022-04-15 22:46:47,寝る寝る寝るね,熱が出てきたよ
2022-04-15 22:46:48,ニート鮭男,風呂上がりなんで大丈夫
2022-04-15 22:46:49,ばく,テトテー
2022-04-15 22:46:50,33 foxes,ハックション
2022-04-15 22:46:50,takkuson,スキマスイッチやん
2022-04-15 22:46:52,ハナマル,服脱いで肌寒い
2022-04-15 22:46:54,東京皇帝☆北条恋歌,温度差で死んだ
2022-04-15 22:46:57,めーぷる,低いのきついよな
2022-04-15 22:47:03,⁂みのる⁂,綺麗になった
2022-04-15 22:47:10,如月魔犬(ｷｻﾗｷﾞﾏｹﾝ),大丈夫、パンイチだけど寒くない
2022-04-15 22:47:10,ココロオレル,やっぱりうまいなぁ
2022-04-15 22:47:13,ありす,この曲よく聴いたなあ
2022-04-15 22:47:17,デイビット・コジマ ⚰️,いええええええ
2022-04-15 22:47:21,山本マサオ,感情のジェットコースターやめろ
2022-04-15 22:47:23,ハンギョ刃牙,ﾃﾄﾃｰ:loudly_crying_face::face_with_tears_of_joy::face_with_tears_of_joy:
2022-04-15 22:47:28,切',:musical_notes::musical_note::musical_notes::musical_note:
2022-04-15 22:47:34,デイビット・コジマ ⚰️,いい歌声だ
2022-04-15 22:47:35,あるごん,tntnに汚されなくて良かった
2022-04-15 22:47:38,めーぷる,高低差ありすぎてキーンなるわ
2022-04-15 22:47:47,すちーむぱんつ,どこでtntn挟むのかワクワクして待ってます
2022-04-15 22:47:55,YMS,狂ってない
2022-04-15 22:47:57,ぱきら,ｗ
2022-04-15 22:47:57,ばく,:musical_notes::raised_hand::musical_notes::raised_hand::musical_notes::raised_hand:
2022-04-15 22:48:02,たつべぇ,なんか足りない・・・
2022-04-15 22:48:05,V-MAX,ｗ
2022-04-15 22:48:08,完全剛体リジッド,低音がんばぇ～！
2022-04-15 22:48:08,如月魔犬(ｷｻﾗｷﾞﾏｹﾝ),オチはありますか？
2022-04-15 22:48:15,チー釜,高山病になりそうなくらい高低差あるな
2022-04-15 22:48:16,ばく,:musical_notes::raised_hand::musical_notes::raised_hand::musical_notes::raised_hand::musical_notes:
2022-04-15 22:48:16,山本マサオ,こうしてるときれいなアイドルなんだけどな
2022-04-15 22:48:17,クロヘビ局長,物足りなくなっちゃった
2022-04-15 22:48:17,きまぐれ鉛筆,:musical_notes::musical_note::coffin::musical_notes::musical_note::coffin::musical_notes::musical_note::coffin:
2022-04-15 22:48:18,めーぷる,何が足りないのか、そうTNTNだ
2022-04-15 22:48:21,Parra23,洗えば清楚
2022-04-15 22:48:28,七星,がんばれノラ君
2022-04-15 22:48:33,ぱきら,tntn成分が不足している
2022-04-15 22:48:35,いっち,綺麗なのらーら…
2022-04-15 22:48:38,切',:musical_notes::musical_note::full_moon::musical_notes::musical_note:
2022-04-15 22:48:38,ダンサンブル伊藤,これは洗ってる
2022-04-15 22:48:41,あさつき,なんか普通
2022-04-15 22:48:44,ヤマ,なんか足りない．．．
2022-04-15 22:48:45,ココロオレル,wwww
2022-04-15 22:48:45,デイビット・コジマ ⚰️,いいねぇ
2022-04-15 22:48:45,んじぴー,tntnどこ・・・？
2022-04-15 22:48:45,ニート鮭男,tntn求めているリスナー笑笑
2022-04-15 22:48:46,やどかに,tntnだせよ…
2022-04-15 22:48:48,ポーヘイ,TNTNが欲しい・・・
2022-04-15 22:48:50,ありす,綺麗過ぎて風邪引く
2022-04-15 22:48:51,名無し,偽物に興味はないので低評価します
2022-04-15 22:48:52,空の太陽,ビックリしょた
2022-04-15 22:48:53,テルゲス,これアフロの人の曲？
2022-04-15 22:48:53,山本マサオ,今はホロライブ
2022-04-15 22:48:53,ばく,こういうのもいいね
2022-04-15 22:48:54,グラー丼,満足出来ない体になっちゃった
2022-04-15 22:48:54,S!NK,www
2022-04-15 22:48:54,ポンジュ,これはキレーラ
2022-04-15 22:48:54,きまぐれ鉛筆,衛生レベル上昇中
2022-04-15 22:48:55,takkuson,もっとｔｎｔｎちょうだい
2022-04-15 22:48:56,田所浩二,コメントの流れるスピードの差よ
2022-04-15 22:48:59,YMS,狂ってないという狂気
2022-04-15 22:49:01,冥土,tntnボロンしないで
2022-04-15 22:49:04,ばく,はいホロライブ
2022-04-15 22:49:05,クロヘビ局長,ノラくん！(tntn)出して！
2022-04-15 22:49:07,V-MAX,いいね！
2022-04-15 22:49:08,ありす,tntnあるんだろ？tntn出せよ
2022-04-15 22:49:09,runawk,深刻なtntn不足
2022-04-15 22:49:11,アリマ,リスナーより狂え
2022-04-15 22:49:11,ダンサンブル伊藤,欲しいの...
2022-04-15 22:49:14,あるごん,やめてくれ
2022-04-15 22:49:15,んじぴー,きｔらあああああ
2022-04-15 22:49:15,デイビット・コジマ ⚰️,おいいいいいいい
2022-04-15 22:49:16,めーぷる,やったー！
2022-04-15 22:49:16,東京皇帝☆北条恋歌,草
2022-04-15 22:49:16,ポーヘイ,！！
2022-04-15 22:49:17,344万の男　※カウントダウン12,やったぜ！
2022-04-15 22:49:17,林啓太,これがTNTN焦らしプレイってやつぅ……？！
2022-04-15 22:49:17,チー釜,出しなてめーのtntnを…
2022-04-15 22:49:18,ニート鮭男,あ．待ってました笑笑
2022-04-15 22:49:18,竜党のグンマー,草
2022-04-15 22:49:18,シスターさん,草
2022-04-15 22:49:19,ダンサンブル伊藤,あ
2022-04-15 22:49:20,めーぷる,それそれ
2022-04-15 22:49:20,すちーむぱんつ,tntnまだですか？
2022-04-15 22:49:21,名無し,tntn
2022-04-15 22:49:21,ばく,でたーーーーー!!!!?
2022-04-15 22:49:21,寝る寝る寝るね,きちゃーーーーー
2022-04-15 22:49:22,ありす,名曲を汚すな
2022-04-15 22:49:22,冥土,我慢できなくて出ちゃった…
2022-04-15 22:49:22,はしもん,ふざけないで
2022-04-15 22:49:22,ガイトウ,朕朕！？
2022-04-15 22:49:22,りーしゃ,tntn!!!!
2022-04-15 22:49:22,⁂みのる⁂,おい
2022-04-15 22:49:23,S!NK,やるのかww
2022-04-15 22:49:23,切',キノコ:mushroom:追加？、……
2022-04-15 22:49:24,takkuson,鳴り響くｔｎｔｎの音？
2022-04-15 22:49:24,グラー丼,きちゃー！
2022-04-15 22:49:24,林啓太,TNTNきちゃああああああああ！
2022-04-15 22:49:24,ちろる,！？
2022-04-15 22:49:25,Parra23,期待に応えるなｗ
2022-04-15 22:49:25,テルゲス,tntnの音？ペチペチ？
2022-04-15 22:49:25,クロヘビ局長,tntnｷﾀ━(ﾟ∀ﾟ)━!
2022-04-15 22:49:25,KAL,もっとtntnくれなきゃやー－！:loudly_crying_face:
2022-04-15 22:49:25,たなかいちろう,TNTN復活！　TNTN復活！
2022-04-15 22:49:25,あさつき,やったああ
2022-04-15 22:49:28,AK,みんな欲しがっちゃってほもかよ
2022-04-15 22:49:28,ベル,草
2022-04-15 22:49:28,ポーヘイ,きちゃったあああああ
2022-04-15 22:49:29,山本マサオ,(*≧∇≦)ﾉ
2022-04-15 22:49:29,bbb aaa,リスナーに応えるのワロタｗ
2022-04-15 22:49:29,P J,tntnねじ込んできて草
2022-04-15 22:49:30,んじぴー,tntnの音ってなに？？？
2022-04-15 22:49:31,如月魔犬(ｷｻﾗｷﾞﾏｹﾝ),草
2022-04-15 22:49:33,きまぐれ鉛筆,:musical_notes::musical_note::coffin:……:broken_heart:
2022-04-15 22:49:33,あさつき,声で守る・・・！？
2022-04-15 22:49:33,ヤマ,とんだビッチだ
2022-04-15 22:49:34,ダンサンブル伊藤,無許可で挿入
2022-04-15 22:49:34,たつべぇ,ﾎﾞﾛﾝ
2022-04-15 22:49:35,アリマ,草
2022-04-15 22:49:36,ポンジュ,守んないでーー！
2022-04-15 22:49:36,スプレム,TNTNの音で離れてるじゃん
2022-04-15 22:49:36,めーぷる,わかってんねぇ
2022-04-15 22:49:37,ありす,tntn出せるじゃねーか
2022-04-15 22:49:37,ばく,すぐTNTN出すんだから
2022-04-15 22:49:39,いよちゃん,おtntnランド開園
2022-04-15 22:49:40,ココロオレル,草
2022-04-15 22:49:42,KAL,tntn帰ってきた！！！
2022-04-15 22:49:42,クロヘビ局長,はい失言ソング
2022-04-15 22:49:43,けそ（けそ）,草
2022-04-15 22:49:43,山本マサオ,tntn勝訴
2022-04-15 22:49:45,ニート鮭男,名曲なんてtntnの前では無意味
2022-04-15 22:49:48,きり屋,TNTN「ボロン」
2022-04-15 22:49:48,takkuson,君（ｔｎｔｎ）
2022-04-15 22:49:55,ガイトウ,朕朕！る
2022-04-15 22:49:56,ばく,:musical_notes::coffin::musical_notes::coffin::musical_notes::coffin::musical_notes:
2022-04-15 22:49:57,デイビット・コジマ ⚰️,おいおいおいおいおいおいおい
2022-04-15 22:49:58,けつあご,なるほどね
2022-04-15 22:49:58,めーぷる,TNTNが歌うのか…
2022-04-15 22:50:00,龍太,ん？
2022-04-15 22:50:02,Parra23,チャックゆるゆるじゃねぇか
2022-04-15 22:50:02,林啓太,失言ソングは草
2022-04-15 22:50:02,344万の男　※カウントダウン12,はい開帳
2022-04-15 22:50:03,Flat,tntnペチペチ
2022-04-15 22:50:03,ポーヘイ,うおおおおお
2022-04-15 22:50:07,クロヘビ局長,tntn歌うってなんだ
2022-04-15 22:50:07,グラー丼,もう「ち」が来る度身構えちゃう
2022-04-15 22:50:07,如月魔犬(ｷｻﾗｷﾞﾏｹﾝ),朝も光もtntnも
2022-04-15 22:50:08,KAL,やっぱtntnしか勝たん:red_heart:
2022-04-15 22:50:09,あさつき,歌詞に共感した
2022-04-15 22:50:10,はしもん,:banana:〜:musical_note:
2022-04-15 22:50:11,アール・グレイ,ボロン!
2022-04-15 22:50:13,山本マサオ,これがノラーラだ！すき！
2022-04-15 22:50:13,ポーヘイ,パンパンパンパン！
2022-04-15 22:50:14,ばく,変態で草
2022-04-15 22:50:14,竜党のグンマー,大分無理矢理で草
2022-04-15 22:50:14,めーぷる,TNTNを配送するな
2022-04-15 22:50:15,YMS,ちらっと入れていく
2022-04-15 22:50:16,柳井もぶ,抑えきれなかったか
2022-04-15 22:50:17,カッセルプライム,抑えきってくれ
2022-04-15 22:50:17,ありす,抑え切れないtntnやめろ
2022-04-15 22:50:18,P J,tntnの塩味が濃過ぎるのが悪い
2022-04-15 22:50:19,ガイトウ,tntnのせてるのか
2022-04-15 22:50:20,ニート鮭男,tntnに口ついてるかよ笑笑
2022-04-15 22:50:22,takkuson,何を届けるんですかねぇ・・・
2022-04-15 22:50:24,おによん,こないで
2022-04-15 22:50:30,ダンサンブル伊藤,抑えきれないｔんｔんを歌に乗せるな
2022-04-15 22:50:31,あるごん,汚されちゃった...
2022-04-15 22:50:32,めーぷる,汚いなぁ
2022-04-15 22:50:33,ありす,繋がっていける（意味深）やめろ
2022-04-15 22:50:34,がお.,届けんな
2022-04-15 22:50:34,takkuson,繋がって行ける（意味深）
2022-04-15 22:50:36,344万の男　※カウントダウン12,つながっていける！！！！
2022-04-15 22:50:40,ガイトウ,繋がって行ける〜♪
2022-04-15 22:50:41,竜党のグンマー,感動した
2022-04-15 22:50:43,クロヘビ局長,途端に繋がってるの意味変わってきたな
2022-04-15 22:50:44,ニート鮭男,多分届けたらダメものだろ笑笑
2022-04-15 22:50:45,如月魔犬(ｷｻﾗｷﾞﾏｹﾝ),繋がって…
2022-04-15 22:50:46,セラ,何を繋げるん？
2022-04-15 22:50:46,すちーむぱんつ,tntn出てきちゃったね
2022-04-15 22:50:49,ポンジュ,失言ソング集で新しいジャンル作るのか
2022-04-15 22:50:49,ばく,いいね
2022-04-15 22:50:50,山本マサオ,tntnでつながっていけるはエモいなあ
2022-04-15 22:50:50,めーぷる,おさえられないTNTN
2022-04-15 22:50:50,田所浩二,ムカデ人間
2022-04-15 22:50:54,shuiiij(しゅいじ),TNTNで感情ごちゃごちゃになる
2022-04-15 22:50:56,さあ,ノラくん若いのに選ぶ曲が古いよね
2022-04-15 22:51:01,V-MAX,繋がって・・
2022-04-15 22:51:03,あるごん,無理してtntn挿れなくていいんだよ？
2022-04-15 22:51:17,あさつき,泣きそう
2022-04-15 22:51:18,ニート鮭男,溢れ出るtntn
2022-04-15 22:51:18,切',:musical_notes::musical_note::musical_notes::musical_note:
2022-04-15 22:51:18,takkuson,名曲だった
2022-04-15 22:51:19,ポーヘイ,つながったねえ・・・TNTN
2022-04-15 22:51:22,めーぷる,昔のJPOPは名曲多いからな
2022-04-15 22:51:22,ばく,:clapping_hands::clapping_hands::clapping_hands::clapping_hands::clapping_hands::clapping_hands::clapping_hands::clapping_hands:
2022-04-15 22:51:22,ありす,選ぶ曲が20後半〜30前半くらい
2022-04-15 22:51:24,344万の男　※カウントダウン12,:clapping_hands::clapping_hands::clapping_hands::clapping_hands::clapping_hands::clapping_hands::clapping_hands::clapping_hands:
2022-04-15 22:51:25,山本マサオ,感動した
2022-04-15 22:51:26,あるごん,思い出の曲汚されちゃった...
2022-04-15 22:51:27,はやぶさ,Aimerさんから［茜さす］お願いします！
2022-04-15 22:51:28,かぷちー,:clapping_hands::clapping_hands::clapping_hands::clapping_hands::clapping_hands:
2022-04-15 22:51:29,ポーヘイ,は？
2022-04-15 22:51:31,ガイトウ,え？
2022-04-15 22:51:31,林啓太,え？？
2022-04-15 22:51:32,KAL,:washhands::washhands::washhands:
2022-04-15 22:51:32,山本マサオ,:clapping_hands::clapping_hands::clapping_hands::clapping_hands::clapping_hands:
2022-04-15 22:51:32,ニート鮭男,:clapping_hands::clapping_hands::clapping_hands::clapping_hands::clapping_hands::clapping_hands:
2022-04-15 22:51:32,じゃもじゃも,:clapping_hands::clapping_hands::clapping_hands::clapping_hands::clapping_hands::clapping_hands::clapping_hands::clapping_hands:
2022-04-15 22:51:32,ココロオレル,:clapping_hands::clapping_hands::clapping_hands::clapping_hands::clapping_hands::clapping_hands:
2022-04-15 22:51:34,切',:clapping_hands::clapping_hands::clapping_hands::clapping_hands:
2022-04-15 22:51:34,S!NK,:clapping_hands::clapping_hands::clapping_hands::clapping_hands:
2022-04-15 22:51:34,しまとじ,:clapping_hands::clapping_hands::clapping_hands::clapping_hands::clapping_hands:
2022-04-15 22:51:35,ベル,:clapping_hands::clapping_hands::clapping_hands::clapping_hands:
2022-04-15 22:51:35,田所浩二,次はアッキーナのDESIREで
2022-04-15 22:51:37,maeda,？
2022-04-15 22:51:37,S!NK,草
2022-04-15 22:51:37,冥土,昭和のtntn
2022-04-15 22:51:38,セラ,言ってないノラ
2022-04-15 22:51:38,寝る寝る寝るね,共犯だろ？
2022-04-15 22:51:38,クロヘビ局長,いいtntnだった…；；
2022-04-15 22:51:40,如月魔犬(ｷｻﾗｷﾞﾏｹﾝ),え？
2022-04-15 22:51:40,グラー丼,こんな体にしたのは誰だって言うんだ！
2022-04-15 22:51:42,チー釜,この調子でロビンソンとか聞いてみたい
2022-04-15 22:51:43,けそ（けそ）,:clapping_hands::clapping_hands:
2022-04-15 22:51:43,KAL,:clapping_hands::clapping_hands::clapping_hands:
2022-04-15 22:51:43,デイビット・コジマ ⚰️,あなたがいた森はどうだろ
2022-04-15 22:51:45,がお.,宇多田ヒカル欲しい
2022-04-15 22:51:45,そら,:clapping_hands::clapping_hands::clapping_hands::clapping_hands::clapping_hands::clapping_hands::clapping_hands:
2022-04-15 22:51:45,（・ω・）,ここはＴＮＴＮなインターネッツですね
2022-04-15 22:51:45,冥土,:clapping_hands::clapping_hands::clapping_hands::clapping_hands::clapping_hands::clapping_hands:
2022-04-15 22:51:46,名無し,:clapping_hands::clapping_hands::clapping_hands:
2022-04-15 22:51:46,よもぎ ⚰️,エメ
2022-04-15 22:51:46,344万の男　※カウントダウン12,エメであっとるで
2022-04-15 22:51:47,じゃもじゃも,:clapping_hands::clapping_hands::clapping_hands::clapping_hands::clapping_hands::clapping_hands::clapping_hands::clapping_hands:
2022-04-15 22:51:48,はしもん,睡蓮花
2022-04-15 22:51:49,A J,カーリーのコールミーメイビー歌える？
2022-04-15 22:51:50,bbb aaa,ノラ組ってホントにキモイですね
2022-04-15 22:51:50,takkuson,泣けるｔｎｔｎだった
2022-04-15 22:51:50,牛乳.,めてお★いんぱくと歌ってほしい
2022-04-15 22:51:52,ポーヘイ,エメさん
2022-04-15 22:51:52,ジョン,山下達郎
2022-04-15 22:51:52,ミスターゲドウ,エメさんであってるわよ
2022-04-15 22:51:53,ガイトウ,人のせいにするな！
2022-04-15 22:51:54,やさい,女々しくて
2022-04-15 22:51:56,いっち,:clapping_hands::clapping_hands::clapping_hands::clapping_hands::clapping_hands:
2022-04-15 22:51:56,ニート鮭男,会いたくてとか
2022-04-15 22:51:57,すちーむぱんつ,tntnだと直接的な表現なのでコンドー○に包んでもろて
2022-04-15 22:51:59,ばく,プラネタリウム
2022-04-15 22:52:02,t asami,昔のJPOPは名曲しか覚えてないから名曲が多かった気がしてしまう
2022-04-15 22:52:02,LIM,シャルル
2022-04-15 22:52:04,V-MAX,今の間違い！
2022-04-15 22:52:04,はぐぅ,福山雅治 Squall
2022-04-15 22:52:07,そら,backnumberの幸せ…
2022-04-15 22:52:09,takkuson,会いたくて震えよう
2022-04-15 22:52:11,寝る寝る寝るね,あんなに一緒だったのには失恋ソングに数えていいのかな？
2022-04-15 22:52:13,テルゲス,宇多田ヒカルは？
2022-04-15 22:52:15,んじぴー,tntnは麻薬
2022-04-15 22:52:15,ウィナーズサークル,おさかな天国
2022-04-15 22:52:17,やどかに,山下達郎
2022-04-15 22:52:19,いよちゃん,Everything
2022-04-15 22:52:19,山本マサオ,希望に満ちた失恋ソングだった
2022-04-15 22:52:21,ヤマ,なっつ
2022-04-15 22:52:23,デイビット・コジマ ⚰️,おおおお
2022-04-15 22:52:26,P J,だって前の歌詞にtntnの調味を効かせすぎたもの
2022-04-15 22:52:26,KAL,なつ…
2022-04-15 22:52:26,やさい,やったー！！！
2022-04-15 22:52:27,344万の男　※カウントダウン12,なっっっつ！
2022-04-15 22:52:28,山本マサオ,君いくつ？
2022-04-15 22:52:28,bbb aaa,なつい
2022-04-15 22:52:29,ジョン,草
2022-04-15 22:52:30,takkuson,金爆か
2022-04-15 22:52:30,林啓太,なっつｗ
2022-04-15 22:52:30,やどかに,！！！！
2022-04-15 22:52:30,テルゲス,女々しくてつらいよー
2022-04-15 22:52:32,グラー丼,なっつwwwwwww
2022-04-15 22:52:32,デイビット・コジマ ⚰️,いいねえ
2022-04-15 22:52:32,冥土,金爆
2022-04-15 22:52:33,P J,おっ
2022-04-15 22:52:33,ああ,つらいよおおおおお
2022-04-15 22:52:33,天豪,なついｗ
2022-04-15 22:52:34,よもぎ ⚰️,ゴールデンボンバー
2022-04-15 22:52:34,ウィナーズサークル,懐かしすぎる
2022-04-15 22:52:35,ポーヘイ,金玉！
2022-04-15 22:52:35,ベル,なっつ
2022-04-15 22:52:35,完全剛体リジッド,金爆ｗ
2022-04-15 22:52:36,ばく,wwww
2022-04-15 22:52:36,デイビット・コジマ ⚰️,いええええ
2022-04-15 22:52:36,如月魔犬(ｷｻﾗｷﾞﾏｹﾝ),なっっつ！
2022-04-15 22:52:38,めーぷる,なぜ人はTNTNを求めるのか
2022-04-15 22:52:38,ガイトウ,なつい
2022-04-15 22:52:38,がんすもー,なっつ
2022-04-15 22:52:38,KAL,⇐重力
2022-04-15 22:52:40,あるごん,懐かしいな
2022-04-15 22:52:40,ありす,なっつ
2022-04-15 22:52:41,なっとうまき,なつい
2022-04-15 22:52:42,アール・グレイ,なっつ！！！
2022-04-15 22:52:42,ニート鮭男,これはtntn言いやすいやろ笑笑
2022-04-15 22:52:42,チー釜,最近聞かねーなーこれ
2022-04-15 22:52:42,いよちゃん,緊縛
2022-04-15 22:52:42,山本マサオ,はい！はい！
2022-04-15 22:52:42,さあ,懐かしくて草
2022-04-15 22:52:44,KAL,重力⇒
2022-04-15 22:52:44,けそ（けそ）,なっつｗ
2022-04-15 22:52:45,RYO,ゴールデンボンバー懐かしい
2022-04-15 22:52:45,切',:collision:
2022-04-15 22:52:47,デイビット・コジマ ⚰️,ゴーデンボンバーだな
2022-04-15 22:52:50,やどかに,きゃんさま！！
2022-04-15 22:52:50,ばく,なつすぎ
2022-04-15 22:52:54,ココロオレル,これ好き
2022-04-15 22:52:55,ポーヘイ,紅白もう一回出たい人たち
2022-04-15 22:52:57,田所浩二,TNTNカモン！
2022-04-15 22:52:58,KAL,はい！はい！
2022-04-15 22:53:01,P J,はい！はい！
2022-04-15 22:53:02,山本マサオ,はーいどっこい
2022-04-15 22:53:02,（・ω・）,ヤツのｔンｔンだろうなあ
2022-04-15 22:53:09,んじぴー,喜屋武たま
2022-04-15 22:53:09,テルゲス,ふっー
2022-04-15 22:53:10,山本マサオ,はい！
2022-04-15 22:53:11,KAL,TNTN！！
2022-04-15 22:53:12,YMS,え懐かしい？
2022-04-15 22:53:12,如月魔犬(ｷｻﾗｷﾞﾏｹﾝ),はぁい！
2022-04-15 22:53:14,Τραβεστί,こんばおせっせ
2022-04-15 22:53:15,ポーヘイ,なんか足りねえよなあ
2022-04-15 22:53:16,ガイトウ,はい！はい！
2022-04-15 22:53:16,アール・グレイ,振り付け未だに覚えてる
2022-04-15 22:53:18,きまぐれ鉛筆,なつかしい
2022-04-15 22:53:19,山本マサオ,はい！はい！
2022-04-15 22:53:24,KAL,TNTN！！
2022-04-15 22:53:25,やさい,はい！はい！
2022-04-15 22:53:28,ばく,:musical_notes::bomb::collision::fire::musical_notes::bomb::collision::fire:
2022-04-15 22:53:29,デイビット・コジマ ⚰️,はいはい！
2022-04-15 22:53:33,山本マサオ,カラオケのノリwwww
2022-04-15 22:53:36,寝る寝る寝るね,盛り上がるぅ
2022-04-15 22:53:40,ぴの⚰️,hai
2022-04-15 22:53:43,デイビット・コジマ ⚰️,YOOOOOOOOOOO!
2022-04-15 22:53:43,V-MAX,カラオケｗ
2022-04-15 22:53:49,ポーヘイ,はいはいはい！！！
2022-04-15 22:53:50,ばく,つらいよぉーーーーーー
2022-04-15 22:53:51,ミスターゲドウ,カラオケで上司にすっげー歌わさせられた
2022-04-15 22:53:52,んじぴー,だんだん手が震えてきた
2022-04-15 22:53:56,むーん,のらくん2歳の時だよ
2022-04-15 22:53:59,やどかに,金爆があそこまでヒットすると思わなかったな…
2022-04-15 22:53:59,ニート鮭男,tntnは？
2022-04-15 22:54:00,浅田飴,はい！はい！はい！
2022-04-15 22:54:03,山本マサオ,:clapping_hands::clapping_hands:
2022-04-15 22:54:04,クロヘビ局長,ちょうど失恋したばかりだから助かる
2022-04-15 22:54:07,いよちゃん,あぁ～喜屋武たま
2022-04-15 22:54:09,P J,fo!
2022-04-15 22:54:12,東京皇帝☆北条恋歌,ノラくん２歳のときの曲かぁ
2022-04-15 22:54:13,山本マサオ,はーどっこい！
2022-04-15 22:54:14,ありす,tntnだせよ！
2022-04-15 22:54:16,P J,ここすき
2022-04-15 22:54:23,デイビット・コジマ ⚰️,はいはい
2022-04-15 22:54:23,山本マサオ,はい！はい！
2022-04-15 22:54:24,がお.,はい:double_exclamation_mark:はい:double_exclamation_mark:はい:double_exclamation_mark:
2022-04-15 22:54:25,如月魔犬(ｷｻﾗｷﾞﾏｹﾝ),はぁい！
2022-04-15 22:54:28,冥土,はい！はい！はい！はい！
2022-04-15 22:54:31,グラー丼,ほんと名曲
2022-04-15 22:54:36,山本マサオ,はい！はい！
2022-04-15 22:54:37,デイビット・コジマ ⚰️,:raising_hands::raising_hands::raising_hands:
2022-04-15 22:54:47,チー釜,あれtntnでないな？
2022-04-15 22:54:52,ニート鮭男,飛び跳ねるか！
2022-04-15 22:54:55,シズレ,なついな
2022-04-15 22:54:55,t asami,金爆は本当にそれでボンバーしてしまったので混入させるとガチっぽくなって怖い
2022-04-15 22:54:55,デイビット・コジマ ⚰️,よおおおおおおおおおおおおおおおおおお！
2022-04-15 22:54:56,んじぴー,つらいよのらーら
2022-04-15 22:54:57,ミスターゲドウ,ジャンプしたくなる
2022-04-15 22:55:01,なっとうまき,辛いよお〜
2022-04-15 22:55:01,ポーヘイ,草
2022-04-15 22:55:02,櫻咲,ギターソロ喜屋武豊ぁああああ
2022-04-15 22:55:07,S朱,かわいい
2022-04-15 22:55:09,ニート鮭男,tntn待ってます
2022-04-15 22:55:10,山本マサオ,西川のCM思い出した
2022-04-15 22:55:10,田所浩二,ビブラート
2022-04-15 22:55:11,寝る寝る寝るね,すげぇw
2022-04-15 22:55:12,デイビット・コジマ ⚰️,:raising_hands::raising_hands::raising_hands:
2022-04-15 22:55:13,ばく,ロングトーンながっ
2022-04-15 22:55:28,デイビット・コジマ ⚰️,:raising_hands::raising_hands::raising_hands:
2022-04-15 22:55:33,ばく,はいっはいっはいっ
2022-04-15 22:55:34,デイビット・コジマ ⚰️,はいはい！
2022-04-15 22:55:35,山本マサオ,はい！はい！
2022-04-15 22:55:39,ああ,ふううううう
2022-04-15 22:55:43,切',:musical_note::collision::musical_notes::collision:
2022-04-15 22:55:48,如月魔犬(ｷｻﾗｷﾞﾏｹﾝ),はぁい！
2022-04-15 22:55:53,デイビット・コジマ ⚰️,:raising_hands:！:raising_hands:！:raising_hands:！
2022-04-15 22:55:56,ポーヘイ,TNTNは？
2022-04-15 22:56:00,タイメシおむすび,ふぅわふぅわ♪
2022-04-15 22:56:05,山本マサオ,:clapping_hands::clapping_hands:
2022-04-15 22:56:09,デイビット・コジマ ⚰️,よおおおおおおおおおおおおおお！！！
2022-04-15 22:56:10,ばく,つらいよぉ～～～!!!!!
2022-04-15 22:56:16,ふろる,めっちゃ懐かしいww
2022-04-15 22:56:16,デイビット・コジマ ⚰️,:raising_hands::raising_hands::raising_hands:
2022-04-15 22:56:20,山本マサオ,やっふうう！
2022-04-15 22:56:21,ニート鮭男,ロングトーンいいね
2022-04-15 22:56:22,ポーヘイ,辛いよ～！
2022-04-15 22:56:22,ばく,:clapping_hands::clapping_hands::clapping_hands::clapping_hands::clapping_hands::clapping_hands::clapping_hands::clapping_hands::clapping_hands:
2022-04-15 22:56:23,ポンジュ,:clapping_hands::clapping_hands::clapping_hands::clapping_hands::clapping_hands::clapping_hands:
2022-04-15 22:56:25,やどかに,:clapping_hands::clapping_hands::clapping_hands::clapping_hands:
2022-04-15 22:56:25,カルダリ,:clapping_hands::clapping_hands::clapping_hands::clapping_hands::clapping_hands::clapping_hands:
2022-04-15 22:56:27,櫻咲,:clapping_hands::clapping_hands::clapping_hands::clapping_hands::clapping_hands::clapping_hands:
2022-04-15 22:56:28,はぐぅ,8888
2022-04-15 22:56:28,冥土,なつい
2022-04-15 22:56:29,maeda,:clapping_hands::clapping_hands::clapping_hands::clapping_hands::clapping_hands::clapping_hands:
2022-04-15 22:56:29,344万の男　※カウントダウン12,:clapping_hands::clapping_hands::clapping_hands::clapping_hands::clapping_hands::clapping_hands::clapping_hands::clapping_hands:
2022-04-15 22:56:29,ベル,:clapping_hands::clapping_hands::clapping_hands::clapping_hands::clapping_hands:
2022-04-15 22:56:30,切',:clapping_hands::clapping_hands::clapping_hands::clapping_hands:
2022-04-15 22:56:30,ポーヘイ,2013年！！？？
2022-04-15 22:56:30,しまとじ,:clapping_hands::clapping_hands::clapping_hands::clapping_hands::clapping_hands::clapping_hands:
2022-04-15 22:56:30,山本マサオ,:clapping_hands::clapping_hands::clapping_hands::clapping_hands::clapping_hands::clapping_hands:
2022-04-15 22:56:30,アイランド,
2022-04-15 22:56:30,S!NK,:clapping_hands::clapping_hands::clapping_hands::clapping_hands::clapping_hands:
2022-04-15 22:56:31,ダンサンブル伊藤,あ
2022-04-15 22:56:31,如月魔犬(ｷｻﾗｷﾞﾏｹﾝ),:clapping_hands:
2022-04-15 22:56:31,ふたばちゃん,いえーいパフパフパフ
2022-04-15 22:56:31,寝る寝る寝るね,:clapping_hands::clapping_hands::clapping_hands::clapping_hands::clapping_hands::clapping_hands:
2022-04-15 22:56:32,LIM,:clapping_hands::clapping_hands::clapping_hands::clapping_hands::clapping_hands:
2022-04-15 22:56:32,ニート鮭男,2歳やで
2022-04-15 22:56:32,アリマ,:waving_hand::waving_hand::waving_hand::waving_hand::waving_hand::waving_hand:
2022-04-15 22:56:33,ぴの⚰️,:clapping_hands::clapping_hands::clapping_hands::clapping_hands::clapping_hands:
2022-04-15 22:56:33,onlYone,
2022-04-15 22:56:34,六五郎,え、そんな前なのこれ
2022-04-15 22:56:35,んじぴー,ノーtntnでフィニッシュすることあるんだ
2022-04-15 22:56:36,完全剛体リジッド,誤魔化さないで
2022-04-15 22:56:37,冥土,:clapping_hands::clapping_hands::clapping_hands::clapping_hands::clapping_hands::clapping_hands:
2022-04-15 22:56:37,P J,時は早いねぇ
2022-04-15 22:56:38,デイビット・コジマ ⚰️,モザイクカケラ
2022-04-15 22:56:38,はーふ*とーん,はにゃ
2022-04-15 22:56:38,ばく,はにゃ?
2022-04-15 22:56:39,かぷちー,:clapping_hands::clapping_hands::clapping_hands::clapping_hands::clapping_hands:
2022-04-15 22:56:39,bbb aaa,hanya
2022-04-15 22:56:40,じまき,9年前？！？！？！
2022-04-15 22:56:40,ミスターゲドウ,9年前とかつれぇわ
2022-04-15 22:56:40,344万の男　※カウントダウン12,今はもう昔…
2022-04-15 22:56:40,Gen,4歳？
2022-04-15 22:56:41,クロヘビ局長,ノラくん3歳だね
2022-04-15 22:56:43,けそ（けそ）,:clapping_hands::clapping_hands:
2022-04-15 22:56:44,はぐぅ,宇多田ヒカル First Love
2022-04-15 22:56:44,グラー丼,妙だな
2022-04-15 22:56:44,GUEST,:clapping_hands::clapping_hands::clapping_hands::clapping_hands::clapping_hands:
2022-04-15 22:56:45,やさい,リクエスト答えてくれてありがとう！
2022-04-15 22:56:46,じゃもじゃも,:clapping_hands::clapping_hands::clapping_hands::clapping_hands::clapping_hands::clapping_hands::clapping_hands::clapping_hands:
2022-04-15 22:56:46,ベル,そんなに前なのか
2022-04-15 22:56:46,デイビット・コジマ ⚰️,モザイクカケラ
2022-04-15 22:56:47,アール・グレイ,:clapping_hands::clapping_hands::clapping_hands::clapping_hands::clapping_hands:
2022-04-15 22:56:47,たなかいちろう,はにゃ
2022-04-15 22:56:47,（・ω・）,:clapping_hands::clapping_hands::clapping_hands::clapping_hands::clapping_hands::clapping_hands::clapping_hands::clapping_hands:
2022-04-15 22:56:48,runawk,10年かぁ
2022-04-15 22:56:48,どぅー / Do. 3DCG - ch,お父さんが歌ってたんだよね
2022-04-15 22:56:49,よもぎ ⚰️,もう９年前か
2022-04-15 22:56:49,kuromaru 18,のらーら、止まるんじゃねぇぞ！
2022-04-15 22:56:49,P J,はにゃ？たすかる
2022-04-15 22:56:49,カルダリ,願い事ひとつだけ　小松未歩
2022-04-15 22:56:49,やさい,はにゃ とは
2022-04-15 22:56:50,ジョン,壊してくれ
2022-04-15 22:56:52,南 光太郎,:clapping_hands::clapping_hands::clapping_hands::clapping_hands::clapping_hands::clapping_hands:
2022-04-15 22:56:52,山本マサオ,:face_with_rolling_eyes:
2022-04-15 22:56:53,ゆたね,:clapping_hands::clapping_hands::clapping_hands::clapping_hands::clapping_hands::clapping_hands:
2022-04-15 22:56:53,ヤマ,？？？
2022-04-15 22:56:53,けつあご,はにゃ？？
2022-04-15 22:56:53,ポーヘイ,この歌だけで紅白３回出たんだっけか
2022-04-15 22:56:54,天豪,３しゃい
2022-04-15 22:56:56,はーふ*とーん,はにゃってなんだよ
2022-04-15 22:56:57,ガイトウ,ノラ君何歳？
2022-04-15 22:56:58,鯰人「なまんちゅ」,はにゃ
2022-04-15 22:56:58,そら,:clapping_hands::clapping_hands::clapping_hands::clapping_hands::clapping_hands::clapping_hands:
2022-04-15 22:57:00,山本マサオ,おかしいな？
2022-04-15 22:57:00,はしもん,ヘビーローテーション
2022-04-15 22:57:02,デイビット・コジマ ⚰️,はにゃはかわいいい
2022-04-15 22:57:04,KAL,ノラくんのはにゃ大好き
2022-04-15 22:57:05,ダンサンブル伊藤,２歳なのによく覚えてるね
2022-04-15 22:57:05,P J,はにゃ？すこ
2022-04-15 22:57:06,YMS,時空が歪んだ
2022-04-15 22:57:07,そら,backnumberの幸せ　
2022-04-15 22:57:07,ぐら,:clapping_hands::clapping_hands::clapping_hands::clapping_hands:
2022-04-15 22:57:08,アイランド,( ᐙ )ﾊﾆｬ?
2022-04-15 22:57:09,ccde abc,クライングハート歌えますか
2022-04-15 22:57:11,凡人,宇多田ヒカル関連
2022-04-15 22:57:11,がお.,宇多田ヒカル be my last
2022-04-15 22:57:12,切',マッキーのスパイ
2022-04-15 22:57:14,山本マサオ,2歳かあ
2022-04-15 22:57:14,深爪,今北、これ歌枠？
2022-04-15 22:57:19,ふたばちゃん,はにゃーん
2022-04-15 22:57:21,いよちゃん,ペニシリンのロマンス
2022-04-15 22:57:25,ニート鮭男,宇多田ヒカルか
2022-04-15 22:57:29,たなかいちろう,これは歌えん
2022-04-15 22:57:30,クロヘビ局長,お
2022-04-15 22:57:31,田所浩二,オットセイ
2022-04-15 22:57:32,ああ,エヴァじゃん
2022-04-15 22:57:33,タイメシおむすび,エヴァ！
2022-04-15 22:57:34,ゆたね,わんらすときすだー！
2022-04-15 22:57:34,アイランド,いいっすね！
2022-04-15 22:57:34,ポーヘイ,エヴァやん！ええな！
2022-04-15 22:57:34,3232qeq,エヴァ
2022-04-15 22:57:35,林啓太,うおおおお
2022-04-15 22:57:35,テルゲス,きゃっほーい
2022-04-15 22:57:35,ポンジュ,ミサトさん！
2022-04-15 22:57:36,ニート鮭男,これかっこいい！
2022-04-15 22:57:38,Ω,！
2022-04-15 22:57:38,クロヘビ局長,映画思い出して泣いちゃつ
2022-04-15 22:57:39,ガイトウ,いいねー
2022-04-15 22:57:39,林啓太,好き
2022-04-15 22:57:40,なっとうまき,いいすね
2022-04-15 22:57:41,かみやすり,エヴァ
2022-04-15 22:57:42,微糖,one last kiss
2022-04-15 22:57:42,デイビット・コジマ ⚰️,おおおお
2022-04-15 22:57:42,東京皇帝☆北条恋歌,ええな
2022-04-15 22:57:45,YMS,おお
2022-04-15 22:57:45,蛙印,私　だ　け　の　モ　ナ　リ　ザ
2022-04-15 22:57:46,V-MAX,これいい歌
2022-04-15 22:57:48,チー釜,クソむずくないこれ
2022-04-15 22:57:48,よもぎ ⚰️,最近のか
2022-04-15 22:57:49,GUEST,おお...！
2022-04-15 22:57:50,ネコ男爵,映画思い出して涙が出る
2022-04-15 22:57:50,デイビット・コジマ ⚰️,いいね！
2022-04-15 22:57:51,bom,こんのらー
2022-04-15 22:57:53,ポーヘイ,シン・シタガイノラ
2022-04-15 22:57:54,アイランド,めっちゃ難しそう
2022-04-15 22:57:54,かぷちー,これ難しい
2022-04-15 22:57:58,たなかいちろう,ゲンドウくん
2022-04-15 22:57:59,山本マサオ,tntnに逃げてもいいよ
2022-04-15 22:58:00,ばく,エヴァのやつか
2022-04-15 22:58:09,ポーヘイ,これクッソむずかしいぞ
2022-04-15 22:58:10,ガイトウ,頑張れー
2022-04-15 22:58:11,ばく,むずっ!
2022-04-15 22:58:12,kizakura,:shelterin:たかいよねー
2022-04-15 22:58:13,切',:musical_notes::musical_note::musical_notes::musical_note::musical_notes:
2022-04-15 22:58:17,アリマ,オホ声かな？
2022-04-15 22:58:18,ヤマ,オホ？
2022-04-15 22:58:18,t asami,オットセイタイムだ
2022-04-15 22:58:18,田所浩二,(^ω^)おっおっおっ
2022-04-15 22:58:20,はしもん,one last tntn
2022-04-15 22:58:20,ああ,おっほっほっほっほお
2022-04-15 22:58:25,ダンサンブル伊藤,おっほっほ
2022-04-15 22:58:27,ゆたね,ありがとう全てのエヴァンゲリオン
2022-04-15 22:58:28,takkuson,めっちゃ難しいやつだからなこれ
2022-04-15 22:58:29,けつあご,オッホッホホッホ
2022-04-15 22:58:29,kizakura,オホ！オホ！オホ！
2022-04-15 22:58:29,ポーヘイ,オホホホ
2022-04-15 22:58:30,みこっち,草
2022-04-15 22:58:31,ネコ男爵,オホやめ
2022-04-15 22:58:32,shuiiij(しゅいじ),草
2022-04-15 22:58:33,東京皇帝☆北条恋歌,草
2022-04-15 22:58:33,しまとじ,草
2022-04-15 22:58:34,ポーヘイ,がんばれ
2022-04-15 22:58:35,ありす,オホ声www
2022-04-15 22:58:35,ぽいなっぷる,(^ω^)おっおっおっ
2022-04-15 22:58:36,YMS,おっほ
2022-04-15 22:58:36,bbb aaa,これがオホ声か
2022-04-15 22:58:36,鯰人「なまんちゅ」,おほｗｗｗ
2022-04-15 22:58:36,テルゲス,wwww
2022-04-15 22:58:37,山本マサオ,おっほ
2022-04-15 22:58:37,ベル,草
2022-04-15 22:58:37,南 光太郎,草
2022-04-15 22:58:37,kizakura,ずっとオホって言ってよ・・・
2022-04-15 22:58:38,けそ（けそ）,草
2022-04-15 22:58:38,平賀源内,草
2022-04-15 22:58:38,けつあご,草
2022-04-15 22:58:38,ばく,wwww
2022-04-15 22:58:40,アイランド,草
2022-04-15 22:58:40,あさつき,オホｗｗｗ
2022-04-15 22:58:41,スプレム,歌えない曲が増えた
2022-04-15 22:58:42,冥土,おっほっほっほっほ！
2022-04-15 22:58:42,よもぎ ⚰️,オホ声
2022-04-15 22:58:45,チー釜,オホ声
2022-04-15 22:58:45,ありす,オホホホッホホホ
2022-04-15 22:58:45,ガイトウ,オホオホしてきた！
2022-04-15 22:58:45,みこっち,オホッホッホッホ
2022-04-15 22:58:45,なっとうまき,草
2022-04-15 22:58:46,グラー丼,オホ声wwwwww
2022-04-15 22:58:46,がんすもー,草
2022-04-15 22:58:47,いっち,www
2022-04-15 22:58:48,GUEST,草
2022-04-15 22:58:48,かぼちゃいぬ,でも歌うよ！
2022-04-15 22:58:48,RYO,草
2022-04-15 22:58:48,KAL,これ３万マジ？
2022-04-15 22:58:49,林啓太,オホ声は草すぎるｗ
2022-04-15 22:58:49,ポンジュ,草
2022-04-15 22:58:50,かぷちー,（＾ω＾）おっおっお
2022-04-15 22:58:50,P J,実質オホ声は草
2022-04-15 22:58:52,ミスターゲドウ,こんなライトなのオホゴエとは認めんぞ
2022-04-15 22:58:54,ごっしー,アヘ顔しながら頼む
2022-04-15 22:58:54,アイランド,オホ待機
2022-04-15 22:58:54,bom,次は宇多田ヒカルに謝ってもろて
2022-04-15 22:58:56,山本マサオ,オホ声自然すぎ
2022-04-15 22:58:58,Flat,たすかる
2022-04-15 22:58:59,どぅー / Do. 3DCG - ch,オホ声よりオホオホ言うとるな
2022-04-15 22:59:00,テルゲス,思い出し笑いしそうw
2022-04-15 22:59:03,ありす,オッホッホッホッホ
2022-04-15 22:59:03,冥土,草
2022-04-15 22:59:03,ニート鮭男,サビ終わり待ち
2022-04-15 22:59:03,アイランド,オホオホオホー
2022-04-15 22:59:06,344万の男　※カウントダウン12,オホ声は想像力たくましすぎるんよwww
2022-04-15 22:59:08,ヤマ,もうちょい汚い感じで頼む
2022-04-15 22:59:09,ニート鮭男,そろそろや
2022-04-15 22:59:10,げきちん,オホッオホッオホッホッホッ
2022-04-15 22:59:11,山本マサオ,三万きちゃった
2022-04-15 22:59:11,shuiiij(しゅいじ),オホ声トラップ
2022-04-15 22:59:13,もぐ,オッオッオッ
2022-04-15 22:59:13,みこっち,オッホホッホッホホｗｗｗ
2022-04-15 22:59:14,（・ω・）,０っ０っ０ぅｔ
2022-04-15 22:59:14,takkuson,さぁくるぞ「
2022-04-15 22:59:14,けつあご,MVめっちゃすきなんで穢さないでください
2022-04-15 22:59:15,切',:musical_notes::musical_note::full_moon::musical_notes::musical_note:
2022-04-15 22:59:16,田所浩二,んほっほっほっ
2022-04-15 22:59:16,ああ,おほおおおおおおおおおお
2022-04-15 22:59:16,V-MAX,ｗｗｗ
2022-04-15 22:59:17,完全剛体リジッド,オホッホッホッホ
2022-04-15 22:59:17,たなかいちろう,ｵｯｵｯｵｯｵｯ
2022-04-15 22:59:18,bbb aaa,オホ声タイムｗ
2022-04-15 22:59:18,ふたばちゃん,（ ＾ω＾）おっおっおっおっ
2022-04-15 22:59:18,ああ,"お""っ:heart_suit:お""っ:heart_suit:"
2022-04-15 22:59:18,アイランド,おっほっほっほっ
2022-04-15 22:59:19,はしもん,オッ↑オッ↑
2022-04-15 22:59:19,ダンサンブル伊藤,おっほっほっほ〜ほ〜おっほっほっほ〜ほ〜
2022-04-15 22:59:20,アリマ,オッ↑ホッ↑ホッ↑ホッ↑ホッ
2022-04-15 22:59:22,ありす,オッホッホッホッホ
2022-04-15 22:59:22,takkuson,オホ声タイムきちゃあああ
2022-04-15 22:59:22,Centrum,オッホッホッホッホ
2022-04-15 22:59:22,ばく,ｵｯﾎｯﾎｯﾎｵｯﾎｯﾎｯﾎ
2022-04-15 22:59:24,山本マサオ,ｵﾎﾎﾎ
2022-04-15 22:59:25,テルゲス,www
2022-04-15 22:59:25,よもぎ ⚰️,またオホッてる
2022-04-15 22:59:26,（・ω・）,オッオッオッ
2022-04-15 22:59:26,あるごん,オッホッホ
2022-04-15 22:59:28,アイランド,オッホッホ
2022-04-15 22:59:28,ニート鮭男,遠慮気味笑笑
2022-04-15 22:59:29,YMS,おっほっほっほっ
2022-04-15 22:59:29,Ω,こんなん笑うわ
2022-04-15 22:59:30,冥土,頑張ってオホ声回避しようとしてるの草
2022-04-15 22:59:33,けつあご,オッホッオッホッオッホッ
2022-04-15 22:59:34,林啓太,オホ声弱いよ！！！！！！！！！
2022-04-15 22:59:34,アイランド,オッホッホっ
2022-04-15 22:59:35,グラー丼,オホ↑ホホ↑
2022-04-15 22:59:36,山本マサオ,おっほっほっほ
2022-04-15 22:59:37,ネコ男爵,言ってしもうとるんよ
2022-04-15 22:59:37,名無し,オホホッホッホッホホホホホ↑
2022-04-15 22:59:37,はぐぅ,3万で売れ
2022-04-15 22:59:38,デイビット・コジマ ⚰️,オッ↑ホッ↑ホッ↑ホッ↑ホッ
2022-04-15 22:59:40,ばく,おほ声タイム
2022-04-15 22:59:42,後方腕組みやっかいおじさん,サムネにつられてきてしまった、、、
2022-04-15 22:59:42,みこっち,"お""っお""っお""っお""っ"
2022-04-15 22:59:43,P J,チャット欄に草
2022-04-15 22:59:43,GUEST,( ＾ω＾)おっほっほ
2022-04-15 22:59:44,微糖,オホ助かる
2022-04-15 22:59:45,アイランド,もっと声出せ！
2022-04-15 22:59:45,かぼちゃいぬ,地獄の選曲となってしまった
2022-04-15 22:59:46,南 光太郎,オッホッホッホッホッホ
2022-04-15 22:59:48,（・ω・）,オッオッオホー
2022-04-15 22:59:48,はしもん,オホ♡
2022-04-15 22:59:51,アイランド,おっほっほっ
2022-04-15 22:59:52,ありす,マジで笑ったわww
2022-04-15 22:59:52,ダンサンブル伊藤,無料公開オホーラ
2022-04-15 22:59:53,山本マサオ,オホ声三万で売れ
2022-04-15 22:59:58,Ta Del,オホって
2022-04-15 22:59:59,けつあご,この世の終わりだよもう
2022-04-15 22:59:59,しまとじ,もっと声出せ！
2022-04-15 23:00:00,林啓太,もっと本気でオホれよぉおおおおおおおおおおおおおおお！
2022-04-15 23:00:01,深爪,もうまともに聴けなくなったわw
2022-04-15 23:00:02,よもぎ ⚰️,オホーラ草
2022-04-15 23:00:02,如月魔犬(ｷｻﾗｷﾞﾏｹﾝ),オッ↑ホッ↑ホッ↑ホッ↑
2022-04-15 23:00:03,水猫,オホ声たすかった
2022-04-15 23:00:03,YMS,もうオホ声に紐づいちゃった・・・
2022-04-15 23:00:04,KAL,この世の終わりのようなオホ声？
2022-04-15 23:00:04,ヤマ,腹から声出せ
2022-04-15 23:00:06,冥土,オホ声から逃げられない従井ノラ
2022-04-15 23:00:06,完全剛体リジッド,この世の終わりや…
2022-04-15 23:00:06,ばく,いいおほ声
2022-04-15 23:00:07,Centrum,オッホッホッホッ
2022-04-15 23:00:09,テルゲス,これは笑ってまうわ
2022-04-15 23:00:10,ふたばちゃん,おほーら草
2022-04-15 23:00:10,ああ,ごまかすな
2022-04-15 23:00:12,チー釜,この世の終わりみたいなサムネだしちょうどいい
2022-04-15 23:00:12,デイビット・コジマ ⚰️,ガンバレ
2022-04-15 23:00:12,セラ,三万がんばれ:thumbs_up:
2022-04-15 23:00:12,344万の男　※カウントダウン12,オッ↑ホッ↑ホッ↑ホッ↑ホッ↑ホ～
2022-04-15 23:00:13,かぷちー,（＾ω＾）おっおっお
2022-04-15 23:00:14,アイランド,おっほっほっほっ
2022-04-15 23:00:15,ぴの⚰️,オッホッホッホ
2022-04-15 23:00:15,切',ｵｯｵｯｵｯ　カンナムスタイル
2022-04-15 23:00:16,てららてら,もう草でしかない
2022-04-15 23:00:16,ばく,wwww
2022-04-15 23:00:16,山本マサオ,オホエリオン
2022-04-15 23:00:17,ありす,オッホッホッホ
2022-04-15 23:00:18,V-MAX,わらっちゃうｗ
2022-04-15 23:00:18,あさつき,無料でいいんですか！？
2022-04-15 23:00:18,もげたもげ太郎,3万払ったほうがいい？
2022-04-15 23:00:20,名無し,草
2022-04-15 23:00:22,カルダリ,草
2022-04-15 23:00:23,如月魔犬(ｷｻﾗｷﾞﾏｹﾝ),オッ↑ホッ↑ホッ↑ホッ↑
2022-04-15 23:00:24,ベル,歌えなくなってて草
2022-04-15 23:00:26,ごっしー,オホ助かる
2022-04-15 23:00:27,P J,オッホッホッホ
2022-04-15 23:00:29,KAL,オッホッホッホッホッホ
2022-04-15 23:00:32,グラー丼,オホ↑ホホ↑↑ホホ↑↑ホホホ↑↑↑
2022-04-15 23:00:32,デイビット・コジマ ⚰️,ラストまで踏ん張れ
2022-04-15 23:00:32,はしもん,オホ超え配信助かる
2022-04-15 23:00:33,ぽいなっぷる,(^ω^)おっほっほっ♡
2022-04-15 23:00:33,ガイトウ,恥ずかしいんですか？
2022-04-15 23:00:33,よもぎ ⚰️,オホ声配布
2022-04-15 23:00:34,かぼちゃいぬ,もうこの曲まともに聞けなくなったじゃねーか！！
2022-04-15 23:00:37,てららてら,オッホッホッホッホ
2022-04-15 23:00:37,みこっち,オッ↑ホッ↑ホッ↑ホッ↑ホ
2022-04-15 23:00:37,アイランド,腹から声出せ！！
2022-04-15 23:00:38,寝る寝る寝るね,おっほっほっほっ
2022-04-15 23:00:38,アリマ,草
2022-04-15 23:00:39,ありす,もう聞こえてくるもん
2022-04-15 23:00:40,YMS,草
2022-04-15 23:00:40,動画保管庫,草
2022-04-15 23:00:42,ポンジュ,サムネのタイトルで合ってた
2022-04-15 23:00:43,六五郎,これはひどいｗ
2022-04-15 23:00:43,けつあご,許せねえよ
2022-04-15 23:00:43,ばく,wwwwww
2022-04-15 23:00:44,ヤマ,恥じらうな
2022-04-15 23:00:44,アイランド,オッホッホ
2022-04-15 23:00:44,クロヘビ局長,これはオホ声発売の布石。3万準備しとけ
2022-04-15 23:00:47,GUEST,( ＾ω＾)おっほっほっほ
2022-04-15 23:00:50,ダンサンブル伊藤,抗うな
2022-04-15 23:00:51,テルゲス,選曲ミスやんw
2022-04-15 23:00:51,kuromaru 18,オホ声サイコー！！
2022-04-15 23:00:52,bbb aaa,切り抜かれるなｗ
2022-04-15 23:00:52,山本マサオ,ｵﾎｰｲ
2022-04-15 23:00:52,P J,草
2022-04-15 23:00:55,後方腕組みやっかいおじさん,俺の好きな曲、、返せよ
2022-04-15 23:00:55,ミスターゲドウ,コレは宇多田さんに謝罪しなきゃだわ…
2022-04-15 23:00:55,けつあご,もうそうとしか聞こえなくなっちゃったよ
2022-04-15 23:00:56,動画保管庫,またこの流れｗｗｗ
2022-04-15 23:00:59,ばく,ずっとオホ声だぁ…
2022-04-15 23:01:00,くろすけまっくろ,初見ですサムネの文字を見て来ました
2022-04-15 23:01:03,如月魔犬(ｷｻﾗｷﾞﾏｹﾝ),オッ↑ホッ↑ホッ↑ホッ↑
2022-04-15 23:01:04,とりぼっち,やめないか！
2022-04-15 23:01:04,田所浩二,ンホッ↑ホッ↑ホッ↑ホッ↑
2022-04-15 23:01:07,ポーヘイ,オホ声ありがとう
2022-04-15 23:01:07,林啓太,腹からオホれ！！オラァ！！
2022-04-15 23:01:07,ばく,:clapping_hands::clapping_hands::clapping_hands::clapping_hands::clapping_hands::clapping_hands::clapping_hands::clapping_hands::clapping_hands:
2022-04-15 23:01:14,みこっち,サムネにふさわしい感じになったな
2022-04-15 23:01:18,（・ω・）,オッオッオッオッオッホッホッホー
2022-04-15 23:01:21,山本マサオ,ありがてえｵﾎｰﾗ
2022-04-15 23:01:22,クロヘビ局長,もう綺麗にこの曲聴けねぇよノラくん……
2022-04-15 23:01:24,ポーヘイ,:clapping_hands::clapping_hands::clapping_hands::clapping_hands:
2022-04-15 23:01:28,カルダリ,:clapping_hands::clapping_hands::clapping_hands::clapping_hands::clapping_hands:
2022-04-15 23:01:30,GUEST,これが...噂のオホ声...
2022-04-15 23:01:30,ああ,アンコール！アンコール！
2022-04-15 23:01:31,寝る寝る寝るね,3万スパチャしなきゃw
2022-04-15 23:01:34,ありす,これノラ君がライブで歌ったら盛り上がるわ
2022-04-15 23:01:34,はぐぅ,8888
2022-04-15 23:01:35,GUEST,:clapping_hands::clapping_hands::clapping_hands::clapping_hands::clapping_hands:
2022-04-15 23:01:35,冥土,:clapping_hands::clapping_hands::clapping_hands::clapping_hands::clapping_hands::clapping_hands:
2022-04-15 23:01:36,ふたばちゃん,ｗｗｗｗｗｗ
2022-04-15 23:01:36,V-MAX,:clapping_hands::clapping_hands::clapping_hands::clapping_hands::clapping_hands::clapping_hands::clapping_hands::clapping_hands:
2022-04-15 23:01:37,アイランド,おっほっほっほっほー
2022-04-15 23:01:37,山本マサオ,みんな呪いにかかったな
2022-04-15 23:01:37,かぼちゃいぬ,セッ久配信乙
2022-04-15 23:01:37,ポーヘイ,庵野ありがとう
2022-04-15 23:01:38,チー釜,これでロビンソン聴きてぇwww
2022-04-15 23:01:38,けつあご,こんなのっておかしいよオホーら…
2022-04-15 23:01:40,アリマ,草
2022-04-15 23:01:40,じゃもじゃも,:clapping_hands::clapping_hands::clapping_hands::clapping_hands::clapping_hands::clapping_hands::clapping_hands::clapping_hands:
2022-04-15 23:01:41,ヤマ,８８８８
2022-04-15 23:01:41,FoxP,:clapping_hands::clapping_hands:
2022-04-15 23:01:41,344万の男　※カウントダウン12,:clapping_hands::clapping_hands::clapping_hands::clapping_hands::clapping_hands::clapping_hands::clapping_hands::clapping_hands:
2022-04-15 23:01:41,切',:clapping_hands::clapping_hands::clapping_hands::clapping_hands::clapping_hands:
2022-04-15 23:01:43,しまとじ,:clapping_hands::clapping_hands::clapping_hands::clapping_hands::clapping_hands:
2022-04-15 23:01:43,けそ（けそ）,:clapping_hands::clapping_hands::clapping_hands::clapping_hands::clapping_hands::clapping_hands:
2022-04-15 23:01:43,Alex,:clapping_hands::clapping_hands::clapping_hands::clapping_hands::clapping_hands::clapping_hands::clapping_hands:
2022-04-15 23:01:43,南 光太郎,:clapping_hands::clapping_hands::clapping_hands::clapping_hands::clapping_hands::clapping_hands::clapping_hands:
2022-04-15 23:01:44,takkuson,最低だなノラ組
2022-04-15 23:01:44,いーりぃ⚰️,オホ声ありがとうございました　助かりました
2022-04-15 23:01:45,田中太郎,初見です
2022-04-15 23:01:45,S!NK,:clapping_hands::clapping_hands::clapping_hands::clapping_hands::clapping_hands:
2022-04-15 23:01:46,林啓太,奇麗なのらーら
2022-04-15 23:01:46,KAL,:clapping_hands::clapping_hands::clapping_hands:
2022-04-15 23:01:46,グラー丼,:clapping_hands::clapping_hands::clapping_hands::clapping_hands::clapping_hands:
2022-04-15 23:01:46,みこっち,これ初見はやばい
2022-04-15 23:01:46,かぷちー,:clapping_hands::clapping_hands::clapping_hands::clapping_hands::clapping_hands:
2022-04-15 23:01:47,もげたもげ太郎,:clapping_hands::clapping_hands::clapping_hands::clapping_hands::clapping_hands:
2022-04-15 23:01:48,クロヘビ局長,初見には刺激が強すぎる
2022-04-15 23:01:48,bbb aaa,持ち歌増えたｗ
2022-04-15 23:01:49,アリマ,:waving_hand::waving_hand::waving_hand::waving_hand::waving_hand::waving_hand:
2022-04-15 23:01:50,如月魔犬(ｷｻﾗｷﾞﾏｹﾝ),:clapping_hands::clapping_hands::clapping_hands::clapping_hands::clapping_hands::clapping_hands:
2022-04-15 23:01:53,田所浩二,オホ声縛りしてほしい
2022-04-15 23:01:53,どぅー / Do. 3DCG - ch,この配信が初見なのか…
2022-04-15 23:01:54,ダンサンブル伊藤,この流れで！？
2022-04-15 23:01:56,ぐら,:clapping_hands::clapping_hands::clapping_hands::clapping_hands:
2022-04-15 23:01:56,すえっそん,:clapping_hands::clapping_hands::clapping_hands::clapping_hands:
2022-04-15 23:01:57,アイランド,:clapping_hands::clapping_hands::clapping_hands::clapping_hands::clapping_hands::clapping_hands::clapping_hands::clapping_hands:
2022-04-15 23:01:58,ウィナーズサークル,無料でオホ声聞けてうれしい
2022-04-15 23:01:59,はぐぅ,シャ乱Q シングルベッド
2022-04-15 23:02:02,美ノ槻さつき,こんのらー
2022-04-15 23:02:02,ふらんつ,:clapping_hands::clapping_hands::clapping_hands::clapping_hands::clapping_hands::clapping_hands:
2022-04-15 23:02:02,よもぎ ⚰️,:clapping_hands::clapping_hands::clapping_hands::clapping_hands::clapping_hands::clapping_hands:
2022-04-15 23:02:03,S!NK,ミーム汚染食らった
2022-04-15 23:02:04,ポーヘイ,宇多田ヒカルの原曲きいても笑っちまうわ
2022-04-15 23:02:05,ごっしー,オホ声samr待ってます
2022-04-15 23:02:06,そら,backnumberの幸せ歌ってくれ…
2022-04-15 23:02:08,ガイトウ,オホ声良かったです
2022-04-15 23:02:09,はしもん,オホ声するのが執事の仕事では？
2022-04-15 23:02:11,水猫,サザン「エロティカセブン」？
2022-04-15 23:02:11,カルダリ,願い事ひとつだけ　小松未歩
2022-04-15 23:02:14,あさつき,まさかの角度からの面白さだった
2022-04-15 23:02:14,いよちゃん,XjapanのForeverLove
2022-04-15 23:02:15,ミスターゲドウ,ノラくんが反省するようになっちゃった…
2022-04-15 23:02:17,ありす,オホ声だったりチンチンダーだったり凄すぎる
2022-04-15 23:02:18,kuromaru 18,オホーラ最高！
2022-04-15 23:02:19,ウィナーズサークル,風に吹かれて歌ってほしい
2022-04-15 23:02:19,P J,持ち歌が増えたね
2022-04-15 23:02:21,アリマ,自らオホ声曲選ぶのは草
2022-04-15 23:02:23,デイビット・コジマ ⚰️,そばかす
2022-04-15 23:02:24,ダンサンブル伊藤,マツケンサンバ
2022-04-15 23:02:27,ポンジュ,純恋歌
2022-04-15 23:02:29,犬まる,今日のとめるの配信から気になって来ました初見です
2022-04-15 23:02:29,ポーヘイ,紅
2022-04-15 23:02:30,あにまっち_ボカロ曲あるよ,Love so sweet
2022-04-15 23:02:32,ニート鮭男,カラクリピエロ
2022-04-15 23:02:32,くろすけまっくろ,いつもこんな感じゃ無いんですか？
2022-04-15 23:02:34,切',　　　紅
2022-04-15 23:02:35,如月魔犬(ｷｻﾗｷﾞﾏｹﾝ),そもそものらーらがどの辺り歌えるのかわからんのよね
2022-04-15 23:02:37,てぃろ,シングルベッド
2022-04-15 23:02:37,Gen,最近よく聞いてる曲は＞
2022-04-15 23:02:37,takkuson,喝采
2022-04-15 23:02:38,セラ,WANIMA歌える？
2022-04-15 23:02:39,はしもん,ラフメイカー
2022-04-15 23:02:39,すえっそん,misia
2022-04-15 23:02:39,ハナマル,そばかすも失恋ソング
2022-04-15 23:02:41,なっとうまき,Snow sound Alexandros
2022-04-15 23:02:43,バイス ブラック,分かってないよ歌ってくれ
2022-04-15 23:02:44,かぼちゃいぬ,もうサザンとかでいい、歌詞がエロイし
2022-04-15 23:02:45,ウィナーズサークル,ボブディランの曲やで
2022-04-15 23:02:45,けつあご,紅
2022-04-15 23:02:45,クロヘビ局長,Lifetime respect
2022-04-15 23:02:47,344万の男　※カウントダウン12,backnumberのわたがし
2022-04-15 23:02:48,ハンギョ刃牙,最後の雨歌って
2022-04-15 23:02:50,バイス ブラック,分かってないよ歌ってくれ
2022-04-15 23:02:51,水猫,紅いいね
2022-04-15 23:02:54,KAL,・・・
2022-04-15 23:02:54,いよちゃん,のらーらが紅って痔じゃん
2022-04-15 23:02:55,チー釜,ロビンソンおなしゃす！
2022-04-15 23:02:58,バイス ブラック,分かってないよ歌ってくれ
2022-04-15 23:02:58,やどかに,バラライカ
2022-04-15 23:02:58,ミスターゲドウ,12歳が歌える歌が謎
2022-04-15 23:02:58,すえっそん,everything
2022-04-15 23:02:59,デイビット・コジマ ⚰️,そばかす
2022-04-15 23:03:00,LIM,さよなら両片思
2022-04-15 23:03:00,切',さユリの曲
2022-04-15 23:03:03,月餅,山崎まさよしのone more time one more chance 聴きたい
2022-04-15 23:03:05,bom,ロマンスの神様
2022-04-15 23:03:05,えだ,DIAMONDS
2022-04-15 23:03:06,ニート鮭男,紅いいね
2022-04-15 23:03:06,Centrum,東京のバスガール
2022-04-15 23:03:08,ガイトウ,夜空ノムコウ
2022-04-15 23:03:08,ばく,ソナポケ
2022-04-15 23:03:12,ポーヘイ,紅に染まったこれの俺を
2022-04-15 23:03:15,グラー丼,紅井ノラ！？
2022-04-15 23:03:15,shuiiij(しゅいじ),紅ノラ
2022-04-15 23:03:18,ニート鮭男,ケツが紅に染まってるもんね
2022-04-15 23:03:18,ダンサンブル伊藤,４分の２の純情な感情
2022-04-15 23:03:19,樺沢郁也,LOVE PSYCHEDELICO出来たらやってみて欲しい。
2022-04-15 23:03:19,ポンジュ,喉潰れるよ
2022-04-15 23:03:20,やどかに,くれないだぁぁぁ！！！！
2022-04-15 23:03:20,ありす,She is Nora Aragai.
2022-04-15 23:03:21,ポーヘイ,痔じゃねーか
2022-04-15 23:03:23,水猫,ノラ君ステイステイww
2022-04-15 23:03:23,クロヘビ局長,紅ダアアアアアアアアアアア
2022-04-15 23:03:24,V-MAX,ｗｗ
2022-04-15 23:03:24,みこっち,草
2022-04-15 23:03:26,いよちゃん,紅井ノラ
2022-04-15 23:03:26,ウィナーズサークル,紅ノラは草
2022-04-15 23:03:27,ハナマル,うっさ
2022-04-15 23:03:27,タイメシおむすび,x!
2022-04-15 23:03:27,344万の男　※カウントダウン12,エックスジャパン？
2022-04-15 23:03:28,切',紅に染まった
2022-04-15 23:03:28,RYU,紅だあああああああああああ
2022-04-15 23:03:29,ふたばちゃん,まじで紅！？
2022-04-15 23:03:29,美ノ槻さつき,紅井ノラｗｗｗ
2022-04-15 23:03:29,テルゲス,ふぁ？
2022-04-15 23:03:30,カルダリ,草
2022-04-15 23:03:31,ベル,くれないだぁぁぁぁ！！！
2022-04-15 23:03:32,ガイトウ,喉大事にして
2022-04-15 23:03:33,水猫,お尻が紅ww
2022-04-15 23:03:33,南 光太郎,紅だあああああああああ
2022-04-15 23:03:33,完全剛体リジッド,紅井ノラは草ぁ！
2022-04-15 23:03:36,ミスターゲドウ,完全にケツの歌になるんだよなぁ…
2022-04-15 23:03:36,CL,楽しみ
2022-04-15 23:03:36,Centrum,ノドにダメージすごそう
2022-04-15 23:03:37,いよちゃん,まだはやい
2022-04-15 23:03:38,ありす,紅井ノラ
2022-04-15 23:03:39,はしもん,（尻が）紅
2022-04-15 23:03:39,有村霧香,まだだよｗ
2022-04-15 23:03:41,P J,紅井ノラは草
2022-04-15 23:03:41,kinoko ruke,穴が紅
2022-04-15 23:03:42,RYO,紅は歌うの大変そう
2022-04-15 23:03:42,げきちん,紅井ノラ
2022-04-15 23:03:42,けそ（けそ）,痔で草
2022-04-15 23:03:45,ばく,紅井ノラうまいね
2022-04-15 23:03:45,タイメシおむすび,紅だぁあぁぁぁあぁぁぁ！
2022-04-15 23:03:46,ダンサンブル伊藤,紅井ソラ
2022-04-15 23:03:46,東京皇帝☆北条恋歌,紅ノラ
2022-04-15 23:03:48,takkuson,一番いいとこ歌わないのか
2022-04-15 23:03:49,ぐら,どこが紅なのか
2022-04-15 23:03:51,もげたもげ太郎,痔にそまる
2022-04-15 23:03:56,平賀源内,草
2022-04-15 23:03:57,如月魔犬(ｷｻﾗｷﾞﾏｹﾝ),紅はドラム叩きたくなるな
2022-04-15 23:03:57,なっとうまき,痔で草
2022-04-15 23:03:57,ああああ,こんのら　いやサムネよ
2022-04-15 23:03:57,みこっち,紅に染まった尻
2022-04-15 23:03:58,ガイトウ,お尻紅！？
2022-04-15 23:04:00,ネコ男爵,紅井ノラ
2022-04-15 23:04:01,ダンサンブル伊藤,痔か
2022-04-15 23:04:03,Centrum,紅しらんか
2022-04-15 23:04:04,ニート鮭男,なんで選曲した笑笑
2022-04-15 23:04:04,ウィナーズサークル,ドラマに倒れ込んでくれ
2022-04-15 23:04:04,ハナマル,ここ英語
2022-04-15 23:04:04,ポーヘイ,あってるあってる
2022-04-15 23:04:05,344万の男　※カウントダウン12,紅に染まった…
2022-04-15 23:04:05,如月魔犬(ｷｻﾗｷﾞﾏｹﾝ),知らんのかい！w
2022-04-15 23:04:05,よもぎ ⚰️,聴いたことないな
2022-04-15 23:04:09,ハンギョ刃牙,考えるな感じろ
2022-04-15 23:04:09,takkuson,紅に染まったノラーラ
2022-04-15 23:04:10,美ノ槻さつき,英語は得意だろ紅井
2022-04-15 23:04:10,ミスターゲドウ,ほんとに知らない人のリアクションじゃん
2022-04-15 23:04:11,アライラ,叫んだら警察召喚しそう
2022-04-15 23:04:11,クロヘビ局長,序盤は英語やで
2022-04-15 23:04:14,しまとじ,サビしか知らんやーつ
2022-04-15 23:04:15,けつあご,しらんのかいｗｗ
2022-04-15 23:04:18,切',:musical_note::musical_notes::musical_note::musical_notes::musical_note::musical_notes:
2022-04-15 23:04:18,Cucu Eyang,なんて?
2022-04-15 23:04:19,テルゲス,ミスチルとか聞きたいな
2022-04-15 23:04:19,shuiiij(しゅいじ),最初英語だったね
2022-04-15 23:04:20,如月魔犬(ｷｻﾗｷﾞﾏｹﾝ),そんな感じw
2022-04-15 23:04:21,ポーヘイ,ミリしら紅
2022-04-15 23:04:23,どぅー / Do. 3DCG - ch,マザーグース味あるな
2022-04-15 23:04:24,タイメシおむすび,歌えてる歌えてる
2022-04-15 23:04:25,ばく,サビしかわからんw
2022-04-15 23:04:27,manamin64(k),ForeverLoveが聞きたいっ
2022-04-15 23:04:27,ニート鮭男,野球の応援歌や
2022-04-15 23:04:28,ガイトウ,tntnでごまかせ
2022-04-15 23:04:32,ポーヘイ,くるぞ
2022-04-15 23:04:33,いよちゃん,割と歌えてる
2022-04-15 23:04:34,ダンサンブル伊藤,切れ痔に染まった俺の尻って英訳したら出てきた
2022-04-15 23:04:35,bom,紅だーーーーー
2022-04-15 23:04:35,kuromaru 18,V系好きでよー聴いてたなぁ
2022-04-15 23:04:37,東京皇帝☆北条恋歌,ここから
2022-04-15 23:04:38,YMS,このへんあいまい
2022-04-15 23:04:39,ありす,発音はいいの草
2022-04-15 23:04:41,けつあご,紅だあああああああああああああああああああああああああ
2022-04-15 23:04:44,水猫,紅だ―――――！！！
2022-04-15 23:04:44,RYU,紅だああああああああああああ
2022-04-15 23:04:45,如月魔犬(ｷｻﾗｷﾞﾏｹﾝ),大体あってた
2022-04-15 23:04:45,あさつき,きたきたきた！！！！！
2022-04-15 23:04:46,引きこもり,最初オシャレ
2022-04-15 23:04:47,有村霧香,そうそう
2022-04-15 23:04:48,いよちゃん,紅だぁぁぁぁぁぁぁぁぁ！！
2022-04-15 23:04:48,ハンギョ刃牙,くれないだー！！！！！
2022-04-15 23:04:49,クロヘビ局長,紅ﾀﾞｱｱｱｱｱｱｱｱｱｱｱｱｱｱ!!!!!
2022-04-15 23:04:50,月餅,紅だー！
2022-04-15 23:04:50,セラ,クーれないにそーまったこーのけーつを
2022-04-15 23:04:50,切',:collision::collision::collision::collision::collision::double_exclamation_mark:
2022-04-15 23:04:52,ハナマル,紅だー！
2022-04-15 23:04:52,ポーヘイ,ヘドバンしてええええええ
2022-04-15 23:04:53,kizakura,うおおおおおおおおおおおおおおお
2022-04-15 23:04:53,林啓太,ｗｗｗｗｗｗｗｗ
2022-04-15 23:04:54,ベル,発音良くて草
2022-04-15 23:04:54,南 光太郎,紅だあああああああああああああ
2022-04-15 23:04:54,名無しのプログラマ,紅だああああああああああ
2022-04-15 23:04:56,みこっち,草
2022-04-15 23:04:57,タイメシおむすび,だぁぁぁぁ！！！
2022-04-15 23:04:57,344万の男　※カウントダウン12,www
2022-04-15 23:04:57,ニート鮭男,とりあえずtntn言っとけばなんとかなる
2022-04-15 23:04:57,ああああ,紅だーー！！！！
2022-04-15 23:04:58,ありす,紅井ノラ！！！
2022-04-15 23:05:00,P J,ここすき
2022-04-15 23:05:02,YMS,きたー
2022-04-15 23:05:02,名無し,草
2022-04-15 23:05:02,ポーヘイ,ツーバス最高
2022-04-15 23:05:03,ガイトウ,うおおおおおおあお
2022-04-15 23:05:04,南 光太郎,:fire::fire::fire::fire::fire::fire::fire::fire::fire:
2022-04-15 23:05:07,デイビット・コジマ ⚰️,紅だああああああああああああああああああああああああかわいいいいいいい
2022-04-15 23:05:09,あさつき,かっこええ
2022-04-15 23:05:11,かぷちー,ドンドコドンドコ
2022-04-15 23:05:12,名無し,紅井ノラ
2022-04-15 23:05:12,takkuson,うたえてるやん
2022-04-15 23:05:18,はしもん,:fire::fire::fire:＊:fire::fire::fire:
2022-04-15 23:05:21,kuromaru 18,紅に染まったノラの尻！！
2022-04-15 23:05:22,よもぎ ⚰️,:coffin::musical_notes::coffin::musical_notes::coffin::musical_notes::coffin:
2022-04-15 23:05:22,引きこもり,:cheese_wedge::fire::cheese_wedge::fire::cheese_wedge::fire::cheese_wedge::fire:
2022-04-15 23:05:23,ありす,ええやん
2022-04-15 23:05:24,ポーヘイ,かｋっこいい
2022-04-15 23:05:30,shuiiij(しゅいじ),NORA！NORA！
2022-04-15 23:05:30,テルゲス,聞いたことある！
2022-04-15 23:05:32,如月魔犬(ｷｻﾗｷﾞﾏｹﾝ),自然と手と足が動いてしまう
2022-04-15 23:05:33,みこっち,あってる
2022-04-15 23:05:34,ああああ,いいやん！！！
2022-04-15 23:05:35,むなやけ六郎,このオレオ！
2022-04-15 23:05:34,ミスターゲドウ,わりとあってる
2022-04-15 23:05:35,タイメシおむすび,あってるあってる
2022-04-15 23:05:35,クロヘビ局長,あってるあってる
2022-04-15 23:05:35,ポーヘイ,いいぞ
2022-04-15 23:05:36,美ノ槻さつき,あってるあってるｗｗ
2022-04-15 23:05:36,あさつき,あってる
2022-04-15 23:05:36,やどかに,大体あってる！！
2022-04-15 23:05:37,RYO,あってる
2022-04-15 23:05:38,ばく,:collision::musical_notes::collision::musical_notes::collision::musical_notes:
2022-04-15 23:05:38,ベル,あってる！
2022-04-15 23:05:38,ポンジュ,合ってる
2022-04-15 23:05:38,天豪,いいぞこれ～
2022-04-15 23:05:39,切',:musical_note::collision::musical_notes::musical_note::full_moon::musical_notes:
2022-04-15 23:05:39,如月魔犬(ｷｻﾗｷﾞﾏｹﾝ),あってる
2022-04-15 23:05:39,いよちゃん,あってる
2022-04-15 23:05:39,kinoko ruke,:coffin::coffin::coffin::coffin:
2022-04-15 23:05:39,Centrum,それっぽく出来てる
2022-04-15 23:05:39,ニート鮭男,紅に染まるノラの尻
2022-04-15 23:05:39,ガイトウ,あってる！
2022-04-15 23:05:39,bom,良い良い:clapping_hands::clapping_hands::clapping_hands:
2022-04-15 23:05:40,ふたばちゃん,いいぞー！！
2022-04-15 23:05:40,RAM太郎,あってるよｗ
2022-04-15 23:05:40,寝る寝る寝るね,いいぞー！
2022-04-15 23:05:41,デイビット・コジマ ⚰️,ドンドコドンドコ
2022-04-15 23:05:43,オージャック,合ってるよ
2022-04-15 23:05:43,TEMMIE(てみー),:coffin::musical_notes::coffin::musical_notes::coffin::musical_notes::coffin:
2022-04-15 23:05:45,ハナマル,紅に染まったこの尻を笑うやつはもういない
2022-04-15 23:05:46,あるごん,＊、紅に染まっちまった
2022-04-15 23:05:48,GUEST,合ってる
2022-04-15 23:05:49,ありす,歌いやすそう
2022-04-15 23:05:50,パストラミビーフ,nora
2022-04-15 23:05:51,ばく,あってるっぽい
2022-04-15 23:05:55,デイビット・コジマ ⚰️,いいええええええええええええええ！！
2022-04-15 23:05:59,V-MAX,あってるよー！
2022-04-15 23:06:04,ニート鮭男,ごまかせ笑笑
2022-04-15 23:06:05,ばく,:musical_notes::collision::musical_notes::collision::musical_notes::collision::musical_notes:
2022-04-15 23:06:06,切',:musical_notes::collision::double_exclamation_mark::musical_notes::collision::musical_notes:
2022-04-15 23:06:07,南 光太郎,いいぞぉ
2022-04-15 23:06:08,美ノ槻さつき,ｔんｔんで誤魔化せ
2022-04-15 23:06:10,デイビット・コジマ ⚰️,紅だあああああああああああ！！
2022-04-15 23:06:10,ポーヘイ,さがるからあってる！”
2022-04-15 23:06:12,クロヘビ局長,くるぞ！
2022-04-15 23:06:15,東京皇帝☆北条恋歌,大丈夫
2022-04-15 23:06:16,RYU,ここすき
2022-04-15 23:06:16,完全剛体リジッド,がんばぇぇぇ！
2022-04-15 23:06:16,kuromaru 18,めっちゃ良えー
2022-04-15 23:06:16,やどかに,ギターソロみんな弾いてたなー
2022-04-15 23:06:17,はしもん,ケツが紅に染まっちまった…
2022-04-15 23:06:21,水猫,サビくるぞ
2022-04-15 23:06:22,ポーヘイ,hIdeああああああああああ
2022-04-15 23:06:22,タイメシおむすび,pata!hide!!
2022-04-15 23:06:24,ニート鮭男,紅に尻染まってたらそれは猿や笑笑
2022-04-15 23:06:26,切',:collision::collision::collision::collision::collision:
2022-04-15 23:06:28,いよちゃん,ドコドコドコドコドコドコ
2022-04-15 23:06:31,ダンサンブル伊藤,演奏はかっけえ
2022-04-15 23:06:38,ポーヘイ,ギターソロみんな練習してたなあ
2022-04-15 23:06:39,あさつき,ここの盛り上げ方すごい
2022-04-15 23:06:42,ポンジュ,シタガイだー!!
2022-04-15 23:06:43,スペースアニキ,「紅」というより「肛」だな
2022-04-15 23:06:47,千秋,ノラ君のケツドラム？
2022-04-15 23:06:49,オージャック,上下2択全部当てればいける
2022-04-15 23:06:50,ベル,かっこいいよね
2022-04-15 23:06:50,ヤマ,かっこいいよ
2022-04-15 23:06:52,ありす,演奏クソかっこいいんだよな
2022-04-15 23:06:54,デイビット・コジマ ⚰️,ドンドコドンドコ！
2022-04-15 23:06:55,クロヘビ局長,世界のX JAPANだから
2022-04-15 23:06:56,冥土,曲めっちゃかっこいいんよね
2022-04-15 23:06:56,ダンサンブル伊藤,肛うっま
2022-04-15 23:07:01,むなやけ六郎,持ち歌にしましょう
2022-04-15 23:07:02,bom,間奏ながいよね
2022-04-15 23:07:03,切',:musical_notes::collision::musical_note::collision::musical_note:
2022-04-15 23:07:03,ポーヘイ,ツインギターまじでかっこいいわ
2022-04-15 23:07:07,かぷちー,ドンドコドンドコ
2022-04-15 23:07:09,kinoko ruke,穴が紅
2022-04-15 23:07:09,田所浩二,紅に染まったこの尻を、慰めるやつはもういない
2022-04-15 23:07:09,はぐぅ,hide
2022-04-15 23:07:09,RYU,ここらへんすげークラシカルメタルよね　気持ちいい
2022-04-15 23:07:10,ばく,:musical_notes::collision::musical_notes::collision::musical_notes::collision::musical_notes::collision:
2022-04-15 23:07:12,ありす,海外ニキにもウケそう
2022-04-15 23:07:13,カルダリ,草
2022-04-15 23:07:13,kuromaru 18,紅に染まった！ノーラのしーりー！
2022-04-15 23:07:13,V-MAX,ｗｗｗ
2022-04-15 23:07:13,あさつき,草
2022-04-15 23:07:14,ポーヘイ,ケツｗｗｗｗ
2022-04-15 23:07:15,アリマ,草
2022-04-15 23:07:15,げきちん,ｗｗｗｗ
2022-04-15 23:07:15,K_D_F,いいね
2022-04-15 23:07:16,みこっち,草
2022-04-15 23:07:16,デイビット・コジマ ⚰️,おいいいいいいいいいいいいい
2022-04-15 23:07:17,ふたばちゃん,ドンチキ♪└(＾ω＾ )┐♪┌( ＾ω＾)┘♪ドンチキ
2022-04-15 23:07:17,しまとじ,草
2022-04-15 23:07:17,水猫,やりやがったww
2022-04-15 23:07:17,はーふ*とーん,ｗｗｗｗ
2022-04-15 23:07:17,kizakura,けつ？
2022-04-15 23:07:17,あるごん,あーあww
2022-04-15 23:07:18,ああああ,草
2022-04-15 23:07:18,冥土,ケツw
2022-04-15 23:07:18,たなかいちろう,痔だあああああ
2022-04-15 23:07:18,ありす,ww
2022-04-15 23:07:18,ダンサンブル伊藤,あ
2022-04-15 23:07:18,けそ（けそ）,草
2022-04-15 23:07:18,がんすもー,草
2022-04-15 23:07:19,けつあご,やりやがった！！！
2022-04-15 23:07:19,takkuson,いるやで
2022-04-15 23:07:19,ニート鮭男,世界の名曲を汚すなよ笑笑
2022-04-15 23:07:19,やさい,ケツｗ
2022-04-15 23:07:20,YMS,草
2022-04-15 23:07:20,名無しのプログラマ,＊
2022-04-15 23:07:20,344万の男　※カウントダウン12,うおおおおおおおおおお！
2022-04-15 23:07:21,KAL,痔じゃねーか
2022-04-15 23:07:21,パストラミビーフ,痔
2022-04-15 23:07:21,如月魔犬(ｷｻﾗｷﾞﾏｹﾝ),草
2022-04-15 23:07:21,寝る寝る寝るね,草
2022-04-15 23:07:22,シスターさん,草
2022-04-15 23:07:22,東京皇帝☆北条恋歌,痔になっちゃった・・・
2022-04-15 23:07:23,ベル,ケツwww
2022-04-15 23:07:23,南 光太郎,草
2022-04-15 23:07:23,kizakura,ぢなの？？？
2022-04-15 23:07:23,ぴの⚰️,うおおおおおおおおおお！！！！
2022-04-15 23:07:23,んじぴー,ケツ慰めてもらってたんだね・・・
2022-04-15 23:07:23,グラー丼,ケツ！？
2022-04-15 23:07:23,ばく,痔の歌だァああああああああ
2022-04-15 23:07:24,RYU,草
2022-04-15 23:07:24,KAL,草
2022-04-15 23:07:26,オージャック,ケツを慰める？？？
2022-04-15 23:07:26,いよちゃん,やりやがった
2022-04-15 23:07:26,はしもん,失望しました
2022-04-15 23:07:26,よいち,草
2022-04-15 23:07:26,ハナマル,慰める（意味深
2022-04-15 23:07:26,テルゲス,ただの痔やんw
2022-04-15 23:07:27,S!NK,言うんかwww
2022-04-15 23:07:27,KAL,だとおもった
2022-04-15 23:07:28,ポンジュ,従井に染まっていく
2022-04-15 23:07:28,カルダリ,やっちまったｗｗ
2022-04-15 23:07:29,きりたんぽ鍋,初見だけどいきなりひでぇな
2022-04-15 23:07:29,ポーヘイ,ボラギノールしろ
2022-04-15 23:07:30,bbb aaa,リスナーに応えていくぅ！！！
2022-04-15 23:07:30,チー釜,治らんと言うことか
2022-04-15 23:07:30,みこっち,紅だーーーーーー！！！
2022-04-15 23:07:30,タイメシおむすび,くさぁ！w
2022-04-15 23:07:32,kuromaru 18,糞テンション上がるーー！！！ｗｗｗｗｗ
2022-04-15 23:07:32,デイビット・コジマ ⚰️,ケツだと……
2022-04-15 23:07:33,切',血
2022-04-15 23:07:33,KAL,だと思ったっぴ
2022-04-15 23:07:34,bom,はい、広告剥がれました
2022-04-15 23:07:35,V-MAX,慰めるｗ
2022-04-15 23:07:37,ばく,うおおおおおおおおおおおお
2022-04-15 23:07:38,水猫,痔だーーー！！！
2022-04-15 23:07:38,ありす,紅って痔のことかよ
2022-04-15 23:07:42,ネコ男爵,痔で草
2022-04-15 23:07:42,平賀源内,けつを慰める(意味深
2022-04-15 23:07:43,ニート鮭男,血まみれなんや笑笑
2022-04-15 23:07:44,いよちゃん,痔だぁぁぁぁ
2022-04-15 23:07:46,如月魔犬(ｷｻﾗｷﾞﾏｹﾝ),やっぱり穴
2022-04-15 23:07:46,YMS,やっぱケツが紅だった
2022-04-15 23:07:49,ベル,紅に染まってるし酷めの切れ痔で草
2022-04-15 23:07:49,ぴの⚰️,UOOOOOOOOOOOOOOO!!!!
2022-04-15 23:07:50,モルチャリ,紅(肛門)
2022-04-15 23:07:51,ばく,どりゃあああああああああああ
2022-04-15 23:07:52,ありす,ただの痔の歌になってるじゃないか
2022-04-15 23:07:53,RYU,肛門科いけ
2022-04-15 23:07:53,ダンサンブル伊藤,痔で汚すな:pouting_face::pouting_face::pouting_face::pouting_face:
2022-04-15 23:07:53,kuromaru 18,ノラーラ最強！！ノラーラ最強！！
2022-04-15 23:07:59,GUEST,紅ってそういう...
2022-04-15 23:07:59,けそ（けそ）,やっぱり痔じゃないかｗｗｗ
2022-04-15 23:08:01,蛙印,痔なんよ
2022-04-15 23:08:05,切',ボラギノーールー
2022-04-15 23:08:08,カルダリ,病院行ってくださいｗｗ
2022-04-15 23:08:08,V-MAX,痔ｗ
2022-04-15 23:08:09,ニート鮭男,:monkey:くらいよ？ケツが赤いの？
2022-04-15 23:08:13,doku ura,むしろ見てはいけない気がする＞オレが見えないのか
2022-04-15 23:08:13,P J,草
2022-04-15 23:08:14,オージャック,慰める…？
2022-04-15 23:08:15,ミスターゲドウ,早く医者に行って
2022-04-15 23:08:16,ポーヘイ,肛門科いけ
2022-04-15 23:08:17,アライラ,こんなきたねぇ紅はじめてだぜ
2022-04-15 23:08:19,ヤマ,ケツを慰める
2022-04-15 23:08:19,たなかいちろう,ボラギノールで慰めて
2022-04-15 23:08:20,kuromaru 18,どりゃぁぁぁぁぁああああ！！
2022-04-15 23:08:20,ああああ,大出血でワラタ
2022-04-15 23:08:21,ばく,ケツを慰めてくれ!!!!!!?
2022-04-15 23:08:21,よいち,真っ赤かだよ
2022-04-15 23:08:23,ガイトウ,もいいない:loudly_crying_face:
2022-04-15 23:08:23,P J,病院だよぉ！？
2022-04-15 23:08:24,ベル,お医者さんに慰めてもらおうな
2022-04-15 23:08:25,テルゲス,お薬の時間ですよー
2022-04-15 23:08:27,Kubert,紅が聞こえる
2022-04-15 23:08:30,ありす,病院行け
2022-04-15 23:08:31,よもぎ ⚰️,病院で治してもらえ
2022-04-15 23:08:31,やさい,病院行け
2022-04-15 23:08:33,GUEST,誰か慰めてやれよ...
2022-04-15 23:08:33,がんすもー,真っ赤だ…
2022-04-15 23:08:33,bom,結局ケツは完治したの？？？
2022-04-15 23:08:35,セラ,病院行け！
2022-04-15 23:08:36,ダンサンブル伊藤,どりゃっ！どりゃっ！
2022-04-15 23:08:36,V-MAX,もういない・・・ｗ
2022-04-15 23:08:37,YMS,でもちゃんと追えてる
2022-04-15 23:08:37,名無しのプログラマ,:musical_notes:♪＊:musical_note:
2022-04-15 23:08:38,doku ura,いい肛門科あるから紹介しますか？
2022-04-15 23:08:40,クロヘビ局長,ﾄﾞｺﾄﾞｺﾄﾞｺﾄﾞｺﾄﾞｺﾄﾞｺﾄﾞｺﾄﾞｺ
2022-04-15 23:08:42,如月魔犬(ｷｻﾗｷﾞﾏｹﾝ),病院いけw
2022-04-15 23:08:42,RYU,完全に痔に悩んでる人の歌になってて草
2022-04-15 23:08:43,ぴの⚰️,病院に行けーー！！
2022-04-15 23:08:44,冥土,ボラギノールになぐさめてもらえ
2022-04-15 23:08:46,けそ（けそ）,病院へどうぞ
2022-04-15 23:08:48,shuiiij(しゅいじ),肛門科いけは草
2022-04-15 23:08:48,南 光太郎,かわいそうに
2022-04-15 23:08:49,Ω,誰に慰めてもらったんですかねぇ
2022-04-15 23:08:49,ガイトウ,誰か慰めてやれよ…
2022-04-15 23:08:50,kuromaru 18,マジで最高ｗｗｗｗｗ
2022-04-15 23:08:53,オージャック,元々はいた
2022-04-15 23:08:56,けつあご,Crying in deep red
2022-04-15 23:08:56,ミネストローネぶしどー,やあ
2022-04-15 23:08:57,ばく,:clapping_hands::clapping_hands::clapping_hands::clapping_hands::clapping_hands::clapping_hands::clapping_hands::clapping_hands::clapping_hands:
2022-04-15 23:08:59,kinoko ruke,ボラギノール代
2022-04-15 23:08:59,P J,草
2022-04-15 23:09:00,あさつき,前はいたのか・・・
2022-04-15 23:09:00,ポーヘイ,:clapping_hands::clapping_hands::clapping_hands::clapping_hands:
2022-04-15 23:09:01,やどかに,これがボツ曲だったって凄いよな
2022-04-15 23:09:02,切',:clapping_hands::clapping_hands::clapping_hands::clapping_hands::clapping_hands::musical_note:
2022-04-15 23:09:02,ポンジュ,:clapping_hands::eight_spoked_asterisk:︎:clapping_hands:
2022-04-15 23:09:04,FoxP,Kurenai Saikou!!! :revolving_hearts:Nora is the coolest :smiling_face_with_sunglasses: 
2022-04-15 23:09:04,天豪,８８８８８８
2022-04-15 23:09:05,ニート鮭男,肛門科に行こうね〜
2022-04-15 23:09:05,カルダリ,:clapping_hands::clapping_hands::clapping_hands::clapping_hands::clapping_hands::clapping_hands:
2022-04-15 23:09:06,ミスターゲドウ,治っちゃったの？？？？
2022-04-15 23:09:06,冥土,:clapping_hands::clapping_hands::clapping_hands::clapping_hands::clapping_hands::clapping_hands:
2022-04-15 23:09:06,V-MAX,:clapping_hands::clapping_hands::clapping_hands::clapping_hands::clapping_hands::clapping_hands::clapping_hands::clapping_hands:
2022-04-15 23:09:06,ああ,残念
2022-04-15 23:09:06,タイメシおむすび,肛門科に慰めてもらえ
2022-04-15 23:09:06,たつきんぐ,こんのら
2022-04-15 23:09:06,名無しのプログラマ,そんなぁ
2022-04-15 23:09:06,龍太,慰めましょうか？
2022-04-15 23:09:08,ガイトウ,:clapping_hands::clapping_hands::clapping_hands:
2022-04-15 23:09:08,かぷちー,:clapping_hands::clapping_hands::clapping_hands::clapping_hands::clapping_hands:
2022-04-15 23:09:09,KAL,:clapping_hands::clapping_hands::clapping_hands:
2022-04-15 23:09:09,ゆたね,:clapping_hands::clapping_hands::clapping_hands::clapping_hands::clapping_hands::clapping_hands:
2022-04-15 23:09:09,ふたばちゃん,やっぱりジラーラじゃねえか
2022-04-15 23:09:10,東京皇帝☆北条恋歌,どうせ再発するぞ
2022-04-15 23:09:10,ベル,:clapping_hands::clapping_hands::clapping_hands:
2022-04-15 23:09:11,田所浩二,紅門科
2022-04-15 23:09:11,RYU,切れ痔は再発するぞ
2022-04-15 23:09:11,けそ（けそ）,:clapping_hands::clapping_hands::clapping_hands:
2022-04-15 23:09:13,よいち,:clapping_hands::clapping_hands::clapping_hands:
2022-04-15 23:09:14,完全剛体リジッド,なおって良かった！
2022-04-15 23:09:14,はーふ*とーん,ここでか
2022-04-15 23:09:14,有村霧香,痔は再発があるからなぁ
2022-04-15 23:09:14,KAL,:clapping_hands::clapping_hands::clapping_hands:
2022-04-15 23:09:14,doku ura,良くないｗ
2022-04-15 23:09:14,寝る寝る寝るね,治ったのかよかった
2022-04-15 23:09:15,344万の男　※カウントダウン12,:clapping_hands::clapping_hands::clapping_hands::clapping_hands::clapping_hands::clapping_hands::clapping_hands::clapping_hands:
2022-04-15 23:09:16,南 光太郎,:clapping_hands::clapping_hands::clapping_hands::clapping_hands::clapping_hands::clapping_hands:
2022-04-15 23:09:18,ポーヘイ,最高
2022-04-15 23:09:18,むーん,:eight_spoked_asterisk:︎JAPAN
2022-04-15 23:09:21,はぐぅ,痔は何度でもよみがえるからな
2022-04-15 23:09:21,ヨツカド,:clapping_hands::clapping_hands::clapping_hands::clapping_hands::clapping_hands::clapping_hands::clapping_hands::clapping_hands:
2022-04-15 23:09:22,kuromaru 18,従井ノラ最強！！従井ノラ最強！！
2022-04-15 23:09:24,セラ,俺は自転車のサドルで切ったよ、、、、
2022-04-15 23:09:25,S!NK,そうなる…？
2022-04-15 23:09:25,ありす,ノラ君歌詞に英語入ってるやつは強みありそう
2022-04-15 23:09:25,けつあご,nanda
2022-04-15 23:09:26,いよちゃん,YOSHIKIに謝って
2022-04-15 23:09:28,ガンテル,治ったの？かなしい
2022-04-15 23:09:30,じゃもじゃも,:clapping_hands::clapping_hands::clapping_hands::clapping_hands::clapping_hands::clapping_hands::clapping_hands::clapping_hands:
2022-04-15 23:09:31,ポーヘイ,今日再発やん　紅に
2022-04-15 23:09:35,水猫,痔、完治おめ！！
2022-04-15 23:09:36,ごっしー,痔に戻って
2022-04-15 23:09:37,bom,やっぱり人間の生命力てすごいな
2022-04-15 23:09:38,kinoko ruke,:waving_hand::waving_hand::waving_hand::waving_hand:
2022-04-15 23:09:38,スペースアニキ,痔エンドってね
2022-04-15 23:09:39,けつあご,なんで治しちゃったの
2022-04-15 23:09:40,冥土,切れ痔はしょっちゅう治るんよ…
2022-04-15 23:09:40,doku ura,直腸診受けた？
2022-04-15 23:09:41,ゆたね,3年目の浮気知ってたりする？
2022-04-15 23:09:42,田所浩二,せっせせJAPAN
2022-04-15 23:09:42,ダンサンブル伊藤,治ったのかあ....
2022-04-15 23:09:43,ニート鮭男,失恋ソングとは？ってなったがよし
2022-04-15 23:09:43,そら,orangestar:Henceforthとか…
2022-04-15 23:09:43,ガイトウ,夜空ノムコウ
2022-04-15 23:09:44,ありす,痔治ったのかよ、コミュ抜けます
2022-04-15 23:09:44,チー釜,何度も言っちゃてるがロビンソンください
2022-04-15 23:09:45,ばく,X痔パン
2022-04-15 23:09:45,すえっそん,everything
2022-04-15 23:09:46,はしもん,天体観測
2022-04-15 23:09:47,takkuson,切れ痔だしね
2022-04-15 23:09:47,テルゲス,ミスチル
2022-04-15 23:09:47,むーん,アゲハ蝶
2022-04-15 23:09:48,ミスターゲドウ,よかったね
2022-04-15 23:09:50,けつあご,レナウン娘
2022-04-15 23:09:50,デイビット・コジマ ⚰️,パチパチ
2022-04-15 23:09:51,林啓太,失望しました
2022-04-15 23:09:52,かぼちゃいぬ,イボ型なのかきれ型なのか
2022-04-15 23:09:52,V-MAX,よかったねえ
2022-04-15 23:09:53,ウィナーズサークル,ロンドン橋歌ってくれ頼む
2022-04-15 23:09:54,ぴの⚰️,良かったね
2022-04-15 23:09:56,いよちゃん,QUEEN
2022-04-15 23:09:58,デイビット・コジマ ⚰️,いえええええええ
2022-04-15 23:09:59,ごっしー,天ノ弱
2022-04-15 23:10:00,344万の男　※カウントダウン12,草
2022-04-15 23:10:00,たつきんぐ,痔じゃないとか失望した・・・
2022-04-15 23:10:00,かぷちー,よかったね
2022-04-15 23:10:03,ミネストローネぶしどー,またあのおじさん見たい
2022-04-15 23:10:03,RYO,おいでシャンプー歌おう
2022-04-15 23:10:04,名無し,UFO
2022-04-15 23:10:05,ハナマル,勝手にしやがれ
2022-04-15 23:10:05,ポーヘイ,男女パート両方やろう
2022-04-15 23:10:06,おんげむ,油断するな…忘れた頃に刺してくるぞ
2022-04-15 23:10:08,P J,痔とりあえず回復おめでとう:confetti_ball:再発しないように気をつけてね
2022-04-15 23:10:08,あるごん,＊拡張できるね！！
2022-04-15 23:10:10,ニート鮭男,3年目の浮気はいいよ笑笑
2022-04-15 23:10:11,龍太,完治めでたい
2022-04-15 23:10:16,ポーヘイ,のらおじくるか
2022-04-15 23:10:16,げきちん,なんでｗｗｗ
2022-04-15 23:10:16,はーふ*とーん,ぱやぱや
2022-04-15 23:10:16,bom,俺もデュエットしたいわー:microphone:
2022-04-15 23:10:18,RYU,切れ痔がイボ痔に進化するともう後戻りできんから気をつけて
2022-04-15 23:10:18,テルゲス,ん？
2022-04-15 23:10:20,オージャック,はじまた
2022-04-15 23:10:20,ばく,www
2022-04-15 23:10:20,344万の男　※カウントダウン12,やっぱこれだわ～ww
2022-04-15 23:10:21,しまとじ,草
2022-04-15 23:10:21,東京皇帝☆北条恋歌,草
2022-04-15 23:10:21,山本マサオ,古すぎｗｗｗ
2022-04-15 23:10:23,ミネストローネぶしどー,:pouting_face::pouting_face::pouting_face:
2022-04-15 23:10:23,微糖,草
2022-04-15 23:10:26,名無し,ぱやぱや
2022-04-15 23:10:26,ポーヘイ,口上うめえええええ
2022-04-15 23:10:26,カルダリ,草
2022-04-15 23:10:27,冥土,これは…
2022-04-15 23:10:28,ああ,変わらないでいてくれ
2022-04-15 23:10:28,いよちゃん,おぎゃノラでそれ聞きたい
2022-04-15 23:10:30,林啓太,もうダメやんｗ
2022-04-15 23:10:30,YMS,草
2022-04-15 23:10:30,たつきんぐ,シャンプー事件悲しかったね・・・
2022-04-15 23:10:30,あさつき,口上うま
2022-04-15 23:10:30,やどかに,最高
2022-04-15 23:10:32,V-MAX,ｗｗ
2022-04-15 23:10:32,もげたもげ太郎,草
2022-04-15 23:10:33,けそ（けそ）,草
2022-04-15 23:10:34,P J,雰囲気いいねぇ！
2022-04-15 23:10:35,kuromaru 18,ノラーラ止まるんじゃねぇぞ！！
2022-04-15 23:10:36,344万の男　※カウントダウン12,もうすでにうまいww
2022-04-15 23:10:37,ありす,古すぎるw
2022-04-15 23:10:38,ウィナーズサークル,ベストテンの口上は草
2022-04-15 23:10:38,ばく,やっぱおもろいなぁ
2022-04-15 23:10:39,デイビット・コジマ ⚰️,三年目のシャンプーか
2022-04-15 23:10:40,寝る寝る寝るね,草
2022-04-15 23:10:40,山本マサオ,50歳くらいの曲
2022-04-15 23:10:41,シスターさん,草
2022-04-15 23:10:42,アリマ,クズ旦那たすかる
2022-04-15 23:10:43,ベル,口上うまい
2022-04-15 23:10:43,よもぎ ⚰️,草
2022-04-15 23:10:44,テルゲス,あの曲か
2022-04-15 23:10:44,はぐぅ,前の配信で見たおじさん思い出しちゃうわ
2022-04-15 23:10:45,天豪,いいねｗ
2022-04-15 23:10:45,かぷちー,草
2022-04-15 23:10:47,ミネストローネぶしどー,草
2022-04-15 23:10:47,はーふ*とーん,スナックで定番だよな
2022-04-15 23:10:50,shuiiij(しゅいじ),これすき
2022-04-15 23:10:52,ニート鮭男,シャンプー変えたらダメやからね笑笑
2022-04-15 23:10:53,ばく,1番上手いまである
2022-04-15 23:10:53,ありす,平成飛び越えて昭和やて
2022-04-15 23:10:56,ミネストローネぶしどー,＾＾
2022-04-15 23:10:56,RYU,これは解釈一致
2022-04-15 23:10:57,美ノ槻さつき,曲リストないのか
2022-04-15 23:10:57,bbb aaa,3年目の:lotion_bottle:
2022-04-15 23:10:58,3232qeq,3回目のシャンプー
2022-04-15 23:11:00,テルゲス,ラジオもねえ
2022-04-15 23:11:04,山本マサオ,一人で二役草
2022-04-15 23:11:04,V-MAX,かわいい
2022-04-15 23:11:04,田所浩二,ちゅうねボイス
2022-04-15 23:11:06,おた,女パートかわいい
2022-04-15 23:11:07,ハナマル,こんちゅーわ
2022-04-15 23:11:11,ウィナーズサークル,知らな井ノラ
2022-04-15 23:11:12,オージャック,女房声が可愛すぎる
2022-04-15 23:11:17,デイビット・コジマ ⚰️,かわいいとかっこいいが二つあって助かる
2022-04-15 23:11:24,切',:musical_note::musical_notes::musical_note::musical_notes::musical_note:
2022-04-15 23:11:27,ふたばちゃん,あっちゅーねと歌ってるわ
2022-04-15 23:11:29,ありす,ノラ君スナックで働いてたことあるだろ
2022-04-15 23:11:29,もげたもげ太郎,歌いなれすぎてるw
2022-04-15 23:11:34,ニート鮭男,ちゅーねがかわいいね笑笑
2022-04-15 23:11:35,テルゲス,聴いたことはあるけどほぼしらね
2022-04-15 23:11:36,S!NK,良い
2022-04-15 23:11:39,bom,今の学生視聴者は付いて来れてる？？？
2022-04-15 23:11:44,shuiiij(しゅいじ),なまほしちゃんと歌ってほしい
2022-04-15 23:11:44,よもぎ ⚰️,かわいい
2022-04-15 23:11:45,犬まる,かわいい
2022-04-15 23:11:47,林啓太,ちょっとかわいいの草
2022-04-15 23:11:48,はしもん,:cheese_wedge:〜:musical_note::coffin:〜:musical_notes:
2022-04-15 23:11:49,ニート鮭男,あ、かわよ〜
2022-04-15 23:11:49,南 光太郎,かわいい
2022-04-15 23:11:51,龍太,あらかわいい
2022-04-15 23:11:51,えだ,かわいい
2022-04-15 23:11:52,クロヘビ局長,これはシュレディンガーのノラ
2022-04-15 23:11:53,ミネストローネぶしどー,ツイキャスのおじさんが蘇るね
2022-04-15 23:11:53,ばく,3年目のシャンプーに変えよう
2022-04-15 23:11:55,344万の男　※カウントダウン12,純粋にかわいいww
2022-04-15 23:11:55,デイビット・コジマ ⚰️,かわいいいい！
2022-04-15 23:11:56,ガイトウ,♪〜
2022-04-15 23:11:58,ダンサンブル伊藤,ちゅーちゃんだ！
2022-04-15 23:12:00,ふたばちゃん,ちゅーねいいぞー！！
2022-04-15 23:12:03,もげたもげ太郎,セバスと歌ってほしい
2022-04-15 23:12:03,アライラ,カービィ―感
2022-04-15 23:12:03,山本マサオ,は？かわいいだが
2022-04-15 23:12:04,ハンギョ刃牙,かわいくてちょっとだけ好きになった〜:loudly_crying_face:
2022-04-15 23:12:05,ベル,普通にかわいい
2022-04-15 23:12:06,如月魔犬(ｷｻﾗｷﾞﾏｹﾝ),絶対若い子は知らんやろw
2022-04-15 23:12:13,ニート鮭男,これこそノラおじとコラボやないの？
2022-04-15 23:12:13,冥土,この曲にトラウマ民おるの笑う
2022-04-15 23:12:15,ダンサンブル伊藤,ちゅーちゃんを解放しろ！
2022-04-15 23:12:20,kuromaru 18,ちゅーね助かる
2022-04-15 23:12:20,ばく,:musical_notes::coffin::musical_notes::coffin::musical_notes::coffin::musical_notes:
2022-04-15 23:12:23,bom,おじさんはツイキャスしか現れないから
2022-04-15 23:12:28,しなな_,最高
2022-04-15 23:12:29,やさい,ちゅーねだ！
2022-04-15 23:12:29,切',三くだり半
2022-04-15 23:12:31,やどかに,マイメロ？
2022-04-15 23:12:31,山本マサオ,ずっとその声でいてくれ
2022-04-15 23:12:34,あさつき,女パートの声かわいい
2022-04-15 23:12:35,ばく,:musical_notes::coffin::musical_notes::coffin::musical_notes::coffin::musical_notes:
2022-04-15 23:12:38,アリマ,嫁パートかわいすぎて草
2022-04-15 23:12:42,RYO,ニコニコを思い出すなぁ
2022-04-15 23:12:49,切',:musical_notes::musical_note::musical_notes::musical_note::musical_notes:
2022-04-15 23:12:51,光,遅れて来たらなんちゅうもんを歌ってるんや(笑)
2022-04-15 23:12:51,V-MAX,嫁パート好き
2022-04-15 23:12:59,ばく,www
2022-04-15 23:13:02,ニート鮭男,唯一ノラおじが輝きそうな曲笑笑
2022-04-15 23:13:03,デイビット・コジマ ⚰️,いいねぇほんと
2022-04-15 23:13:07,如月魔犬(ｷｻﾗｷﾞﾏｹﾝ),トーマとインデックスでやればいいよw
2022-04-15 23:13:08,ありす,三元目の浮気もすき
2022-04-15 23:13:08,bom,男パート若干武田鉄矢入ってるの草
2022-04-15 23:13:18,bbb aaa,チューネいいんｒ
2022-04-15 23:13:19,ああああ,しかしよく使い分けられるもんである
2022-04-15 23:13:23,Cruel,嫁ちゅーね
2022-04-15 23:13:25,切',逆立ち土下座
2022-04-15 23:13:25,ゆたね,www
2022-04-15 23:13:29,ばく,:musical_notes::coffin::musical_notes::coffin::musical_notes::coffin::musical_notes:
2022-04-15 23:13:30,ぴの⚰️,可愛い
2022-04-15 23:13:30,ピーマン,かわよ
2022-04-15 23:13:32,林啓太,ちゅーねかわいい
2022-04-15 23:13:33,デイビット・コジマ ⚰️,かわいいい
2022-04-15 23:13:34,shuiiij(しゅいじ),男パートの必死感すき
2022-04-15 23:13:36,クロヘビ局長,ノラおじに嫁がいるわけないだろ
2022-04-15 23:13:38,ばく,:clapping_hands::clapping_hands::clapping_hands::clapping_hands::clapping_hands::clapping_hands::clapping_hands::clapping_hands::clapping_hands:
2022-04-15 23:13:38,冥土,:clapping_hands::clapping_hands::clapping_hands::clapping_hands::clapping_hands::clapping_hands:
2022-04-15 23:13:38,龍太,カワイイ
2022-04-15 23:13:39,サモエド,アンサーソングもぜひ
2022-04-15 23:13:39,やさい,:cheese_wedge::cheese_wedge::cheese_wedge::cheese_wedge::cheese_wedge::cheese_wedge::cheese_wedge:
2022-04-15 23:13:40,V-MAX,かわいすぎる
2022-04-15 23:13:40,カルダリ,:clapping_hands::clapping_hands::clapping_hands::clapping_hands::clapping_hands:
2022-04-15 23:13:41,はぐぅ,8888
2022-04-15 23:13:42,よもぎ ⚰️,:clapping_hands::clapping_hands::clapping_hands::clapping_hands::clapping_hands::clapping_hands:
2022-04-15 23:13:42,ニート鮭男,可愛い世界線のノラ君だったよ
2022-04-15 23:13:44,V-MAX,:clapping_hands::clapping_hands::clapping_hands::clapping_hands::clapping_hands::clapping_hands::clapping_hands::clapping_hands:
2022-04-15 23:13:44,デイビット・コジマ ⚰️,パチパチパチパチ
2022-04-15 23:13:44,bom,草
2022-04-15 23:13:45,白上,これの可愛いパートの声に白金ディスコが合いそう…
2022-04-15 23:13:45,ベル,:clapping_hands::clapping_hands::clapping_hands::clapping_hands::clapping_hands:
2022-04-15 23:13:46,南 光太郎,かわいいねぇ
2022-04-15 23:13:46,しまとじ,:clapping_hands::clapping_hands::clapping_hands::clapping_hands::clapping_hands:
2022-04-15 23:13:47,かぷちー,:clapping_hands::clapping_hands::clapping_hands::clapping_hands::clapping_hands:
2022-04-15 23:13:47,切',:clapping_hands::clapping_hands::clapping_hands::clapping_hands::clapping_hands:
2022-04-15 23:13:48,344万の男　※カウントダウン12,:clapping_hands::clapping_hands::clapping_hands::clapping_hands::clapping_hands::clapping_hands::clapping_hands::clapping_hands:
2022-04-15 23:13:49,もげたもげ太郎,:clapping_hands::clapping_hands::clapping_hands:
2022-04-15 23:13:49,ぴの⚰️,:clapping_hands::clapping_hands::clapping_hands::clapping_hands::clapping_hands:
2022-04-15 23:13:50,南 光太郎,:clapping_hands::clapping_hands::clapping_hands::clapping_hands::clapping_hands::clapping_hands:
2022-04-15 23:13:52,如月魔犬(ｷｻﾗｷﾞﾏｹﾝ),:clapping_hands::clapping_hands::clapping_hands::clapping_hands::clapping_hands::clapping_hands:
2022-04-15 23:13:53,東京皇帝☆北条恋歌,可愛すぎて聞き入ってた
2022-04-15 23:13:53,ばく,金八先生?!?!
2022-04-15 23:13:54,ハナマル,88888
2022-04-15 23:13:54,はーふ*とーん,ホント何歳なんだよ
2022-04-15 23:13:55,はぐぅ,天城越えおねがいします
2022-04-15 23:13:55,デイビット・コジマ ⚰️,8888
2022-04-15 23:13:56,ダンサンブル伊藤,のらおじは既婚者
2022-04-15 23:13:57,美ノ槻さつき,もう遅ぇよｗｗｗ
2022-04-15 23:13:58,kinoko ruke,:waving_hand::waving_hand::waving_hand::waving_hand:
2022-04-15 23:13:58,ああああ,突然記憶蘇るやん
2022-04-15 23:13:59,けそ（けそ）,:clapping_hands::clapping_hands:
2022-04-15 23:14:00,youser777,ガチャ！「動くな！」「JASRACのテコ入れだ！逃げろー！！！！」
2022-04-15 23:14:02,天豪,唐突なＲＰ
2022-04-15 23:14:03,龍太,88888
2022-04-15 23:14:03,よもぎ ⚰️,結局何縛りなんや
2022-04-15 23:14:04,ゆたね,:clapping_hands::clapping_hands::clapping_hands::clapping_hands::clapping_hands::clapping_hands:
2022-04-15 23:14:04,ふらんつ,:clapping_hands::clapping_hands::clapping_hands::clapping_hands:
2022-04-15 23:14:04,冥土,ペポッって音入らなくて安心した
2022-04-15 23:14:05,GUEST,:clapping_hands::clapping_hands::clapping_hands::clapping_hands::clapping_hands:
2022-04-15 23:14:06,がお.,ハナミズキ
2022-04-15 23:14:08,ポンジュ,俺ら東京さいぐだ
2022-04-15 23:14:08,すえっそん,:clapping_hands::clapping_hands::clapping_hands::clapping_hands:
2022-04-15 23:14:09,山本マサオ,:clapping_hands::clapping_hands::clapping_hands::clapping_hands::clapping_hands:
2022-04-15 23:14:10,オージャック,待ち受けプリンス頼む
2022-04-15 23:14:12,はしもん,どうにも止まらないとか歌ってほしい
2022-04-15 23:14:13,ウィナーズサークル,東京ブギウギ
2022-04-15 23:14:14,ああああ,越えるのか？
2022-04-15 23:14:14,やどかに,遅い…
2022-04-15 23:14:15,カナガタ_セッサク中,また君に恋してる
2022-04-15 23:14:15,ぶるーぐらす,あーげーないっ！
2022-04-15 23:14:16,はーふ*とーん,今の十分スナックだったが
2022-04-15 23:14:18,優,これが12歳の姿か？
2022-04-15 23:14:18,ミスターゲドウ,3年目の浮気の時点でスナックだから
2022-04-15 23:14:18,P J,:clapping_hands::clapping_hands::clapping_hands::clapping_hands::clapping_hands::clapping_hands::clapping_hands::clapping_hands:
2022-04-15 23:14:19,bom,YOASOBIは？
2022-04-15 23:14:21,RYU,いいじゃんスナック
2022-04-15 23:14:21,デイビット・コジマ ⚰️,最近の曲にしようぜ
2022-04-15 23:14:22,ダンサンブル伊藤,スナックだよ
2022-04-15 23:14:22,ハナマル,ラブイズオーバー歌おう
2022-04-15 23:14:22,名無しのプログラマ,スナックこんな感じなの？
2022-04-15 23:14:23,田所浩二,スナックのママ
2022-04-15 23:14:23,アルくんさん,スナックいいじゃん
2022-04-15 23:14:24,V-MAX,スナック従井！
2022-04-15 23:14:24,ばく,いいじゃん
2022-04-15 23:14:25,たなかいちろう,明日カブトムシ歌うんか？
2022-04-15 23:14:25,ニート鮭男,12歳の失恋ソングは？
2022-04-15 23:14:25,ポーヘイ,スナックノラ
2022-04-15 23:14:28,よいち,もう、遅いぞ
2022-04-15 23:14:29,やさい,スナック育ちだから仕方ない
2022-04-15 23:14:30,鯰人「なまんちゅ」,スナックチーズ
2022-04-15 23:14:31,スペースアニキ,スナックノラ組のママ
2022-04-15 23:14:31,中野誠,初見ぺこ
2022-04-15 23:14:31,けそ（けそ）,演歌・・加賀岬？
2022-04-15 23:14:31,あるごん,間違いじゃない
2022-04-15 23:14:33,344万の男　※カウントダウン12,まぁそりゃしゃあない
2022-04-15 23:14:34,水猫,スナックだなぁ
2022-04-15 23:14:35,いよちゃん,スナックでマキシマムザホルモン歌ったらドン引きされた
2022-04-15 23:14:37,切',スナックは良い
2022-04-15 23:14:38,げきちん,ピエールとカトリーヌ頼む
2022-04-15 23:14:39,山本マサオ,天城超えはプロ級だからなあ
2022-04-15 23:14:41,Cruel,Dragon Ash
2022-04-15 23:14:42,深爪,魔笛歌える？
2022-04-15 23:14:43,如月魔犬(ｷｻﾗｷﾞﾏｹﾝ),選曲がもうw
2022-04-15 23:14:44,完全剛体リジッド,ん？
2022-04-15 23:14:48,ばく,???
2022-04-15 23:14:51,よもぎ ⚰️,ん？
2022-04-15 23:14:52,ダンサンブル伊藤,hajisarashi歌って
2022-04-15 23:14:53,水猫,天城越え？
2022-04-15 23:14:54,よいち,ノラママってこと？
2022-04-15 23:14:55,いよちゃん,？
2022-04-15 23:14:59,美ノ槻さつき,そういう系の選曲しかないのは草生えるな
2022-04-15 23:15:01,ニート鮭男,aikoのカブトムシは明日やろ
2022-04-15 23:15:02,東京皇帝☆北条恋歌,草
2022-04-15 23:15:02,アリマ,草
2022-04-15 23:15:03,やどかに,w
2022-04-15 23:15:03,はぐぅ,ん？
2022-04-15 23:15:05,V-MAX,え！？
2022-04-15 23:15:05,ポンジュ,おつのらー
2022-04-15 23:15:05,山本マサオ,えええ
2022-04-15 23:15:05,林啓太,えｗ
2022-04-15 23:15:05,おた,草
2022-04-15 23:15:05,ヤマ,え？
2022-04-15 23:15:06,みこっち,草
2022-04-15 23:15:06,bbb aaa,おせっせ？
2022-04-15 23:15:06,KAL,？？？
2022-04-15 23:15:06,344万の男　※カウントダウン12,ﾌｧｯ!?
2022-04-15 23:15:07,ばく,終わったw
2022-04-15 23:15:07,Cucu Eyang,:crying_face:
2022-04-15 23:15:07,ポーヘイ,草
2022-04-15 23:15:07,はしもん,くさ
2022-04-15 23:15:07,P J,ん！？
2022-04-15 23:15:07,冥土,おつのらー
2022-04-15 23:15:07,（・ω・）,おつー
2022-04-15 23:15:08,KAL,草
2022-04-15 23:15:08,ベル,草
2022-04-15 23:15:08,チー釜,ま？
2022-04-15 23:15:08,shuiiij(しゅいじ),急だなw
2022-04-15 23:15:08,ミスターゲドウ,用事！？
2022-04-15 23:15:08,はーふ*とーん,おつのらっ
2022-04-15 23:15:08,サモエド,打合せ？
2022-04-15 23:15:08,しまとじ,草
2022-04-15 23:15:09,ああああ,おけ
2022-04-15 23:15:10,ヨツカド,おつのらー
2022-04-15 23:15:10,テルゲス,おつのらー
2022-04-15 23:15:10,光,(笑)
2022-04-15 23:15:11,かぼちゃいぬ,おつのら
2022-04-15 23:15:11,Ta Del,え
2022-04-15 23:15:11,完全剛体リジッド,思い出せてえらい！
2022-04-15 23:15:11,オージャック,なにっ
2022-04-15 23:15:11,名無しのプログラマ,おつのら～
2022-04-15 23:15:11,クロヘビ局長,呼び出しくらったな
2022-04-15 23:15:12,ダンサンブル伊藤,この流れで！？
2022-04-15 23:15:12,よもぎ ⚰️,おつのら～
2022-04-15 23:15:12,宇津田詩瑙,おつのらー
2022-04-15 23:15:12,さすけ,ほんとに急やなww
2022-04-15 23:15:12,南 光太郎,草
2022-04-15 23:15:13,P J,そうだったのか
2022-04-15 23:15:13,はぐぅ,おつのら
2022-04-15 23:15:13,Centrum,急すぎて草
2022-04-15 23:15:13,動画保管庫,おつのらｗｗｗ
2022-04-15 23:15:13,おた,おつのらー
2022-04-15 23:15:14,テロメア,草
2022-04-15 23:15:14,ウィナーズサークル,そんなことある！？
2022-04-15 23:15:14,セラ,おつノラ
2022-04-15 23:15:14,ぴの⚰️,おつのらー
2022-04-15 23:15:14,すえっそん,おつのらー
2022-04-15 23:15:15,やさい,おつのらー
2022-04-15 23:15:16,切',乙
2022-04-15 23:15:17,Centrum,おつのら
2022-04-15 23:15:17,ベル,おつのら〜
2022-04-15 23:15:18,デイビット・コジマ ⚰️,？？？？？えええええええええ
2022-04-15 23:15:18,ハナマル,おつのらー
2022-04-15 23:15:19,ああああ,おつのらー
2022-04-15 23:15:20,KAL,またいってるえ
2022-04-15 23:15:20,たなかいちろう,おつのらー
2022-04-15 23:15:20,チー釜,おつのらw
2022-04-15 23:15:20,YMS,おつのらー
2022-04-15 23:15:20,やさい,怒られるのか
2022-04-15 23:15:20,アイランド,おつのらー
2022-04-15 23:15:20,ふたばちゃん,えっ今来たのにー！！
2022-04-15 23:15:20,がんすもー,おつのらー
2022-04-15 23:15:21,bbb aaa,おつのらー
2022-04-15 23:15:21,えだ,おつのら〜
2022-04-15 23:15:21,kuromaru 18,ワロツァｗｗｗｗｗ
2022-04-15 23:15:21,アライラ,お疲れー
2022-04-15 23:15:21,はぐぅ,呼び出しキター
2022-04-15 23:15:21,ネコ男爵,おつのらー
2022-04-15 23:15:21,名無し,おつのらー
2022-04-15 23:15:21,アリマ,おつのらーーー
2022-04-15 23:15:21,bom,おつのらーでしたー
2022-04-15 23:15:22,山本マサオ,あーあ　おこられるな
2022-04-15 23:15:22,ヤマ,おつの
2022-04-15 23:15:22,龍太,急だなw
2022-04-15 23:15:22,深爪,草
2022-04-15 23:15:22,アトモスフィア,おつのらぁ！
2022-04-15 23:15:22,さあ,！？おつのら！
2022-04-15 23:15:22,鯰人「なまんちゅ」,おつのらー
2022-04-15 23:15:22,KAL,おつ～
2022-04-15 23:15:23,どぅー / Do. 3DCG - ch,また怒られるノラか？
2022-04-15 23:15:23,P J,おつのらー
2022-04-15 23:15:23,美ノ槻さつき,おつのらー
2022-04-15 23:15:23,水猫,おつのらー
2022-04-15 23:15:24,天豪,おつのらー
2022-04-15 23:15:24,はしもん,おつのらー
2022-04-15 23:15:25,櫻咲,おつのらー
2022-04-15 23:15:25,ほっぺげ,おつのらー
2022-04-15 23:15:25,GUEST,おつのらー、楽しかったです
2022-04-15 23:15:25,ポーヘイ,セっ？
2022-04-15 23:15:26,ばく,ばいばーい
2022-04-15 23:15:26,カナガタ_セッサク中,おつのらー
2022-04-15 23:15:26,如月魔犬(ｷｻﾗｷﾞﾏｹﾝ),おつのらー
2022-04-15 23:15:26,ふらんつ,おつのらー
2022-04-15 23:15:27,カンナカムイ,おつのらー
2022-04-15 23:15:27,野良フェンリル,おつのら〜
2022-04-15 23:15:28,高橋右手,おつのらー
2022-04-15 23:15:28,龍太,おつのら
2022-04-15 23:15:29,344万の男　※カウントダウン12,おつのら～
2022-04-15 23:15:29,クロヘビ局長,おつのらー
2022-04-15 23:15:30,浅田飴,おつのら〜
2022-04-15 23:15:31,南 光太郎,おつのら〜
2022-04-15 23:15:31,V-MAX,おつのらー
2022-04-15 23:15:32,寝る寝る寝るね,おつのらーーー
2022-04-15 23:15:32,RYO,急だな
2022-04-15 23:15:32,ミスターゲドウ,マジで急すぎて草
2022-04-15 23:15:32,ゆたね,草草草
2022-04-15 23:15:33,どぅー / Do. 3DCG - ch,マイク美味しそう
2022-04-15 23:15:33,オージャック,おつのらー
2022-04-15 23:15:33,ポーヘイ,おつのらー
2022-04-15 23:15:33,よいち,おつのらー
2022-04-15 23:15:33,犬まる,おつのらです～
2022-04-15 23:15:34,山本マサオ,♪
2022-04-15 23:15:34,ダンサンブル伊藤,おっちゅーね！
2022-04-15 23:15:34,Centrum,恐ろしいほどに速い終了
2022-04-15 23:15:35,ふたばちゃん,おつおつ〜
2022-04-15 23:15:36,さすけ,にしても急すぎるなww
2022-04-15 23:15:37,アルくんさん,サムネで怒られたか
2022-04-15 23:15:37,完全剛体リジッド,口にマイク入れてるｗ
2022-04-15 23:15:37,中村,シャンプー再び
2022-04-15 23:15:38,がお.,ストップ入った
2022-04-15 23:15:38,じゃもじゃも,おつのらー
2022-04-15 23:15:39,さいおうが旨っ,おつのらー
2022-04-15 23:15:39,ミスターゲドウ,おつのらー
2022-04-15 23:15:40,Otomeru,otsunora~
2022-04-15 23:15:40,山本マサオ,おつのら
2022-04-15 23:15:42,あるごん,おセッセかぁ
2022-04-15 23:15:42,KAL,草
2022-04-15 23:15:42,よもぎ ⚰️,マイクを食べるノラくん
2022-04-15 23:15:45,ダンサンブル伊藤,名曲
2022-04-15 23:15:48,シスターさん,おつのらー
2022-04-15 23:15:49,ああああ,紅のケツとか言うから…
2022-04-15 23:15:49,如月魔犬(ｷｻﾗｷﾞﾏｹﾝ),呼び出しか？w
2022-04-15 23:15:50,ばく,スパチャ投げそこねたわw
2022-04-15 23:15:50,kuromaru 18,お局られてたら笑うｗｗｗｗｗ
2022-04-15 23:15:50,動画保管庫,なんか近づいてきてない？
2022-04-15 23:15:55,名無し,マイクを補食するノラーラ
2022-04-15 23:15:55,そら,彼氏か
2022-04-15 23:15:56,ウィナーズサークル,シャンプーを飲み、マイクを食う従井
2022-04-15 23:15:58,がお.,おつのらー
2022-04-15 23:16:01,デイビット・コジマ ⚰️,おつのらー
2022-04-15 23:16:02,P J,わろた　おつのらー
